0.0001 0.00783962 0.999998 8.3275e-13 2.61111e-08
0.0003 0.00784226 0.999994 5.49156e-12 2.09763e-07
0.0007 0.00784753 0.999985 4.15699e-11 1.72477e-06
0.0015 0.00785809 0.999968 3.30035e-10 1.42608e-05
0.0031 0.00787921 0.999935 2.69362e-09 0.000123035
0.0063 0.00792144 0.999867 2.32278e-08 0.00118392
0.0127 0.00800591 0.999731 2.06339e-07 0.011675
0.0159 0.0080481 0.999663 3.52227e-08 0.00233421
0.0191 0.00809026 0.999594 3.96267e-08 0.00266099
0.0223 0.00813239 0.999526 4.46016e-08 0.00300625
0.0255 0.00817447 0.999457 5.04354e-08 0.00341452
0.0287 0.0082165 0.999388 5.67173e-08 0.00392109
0.0319 0.00825847 0.999319 6.33548e-08 0.00449253
0.0351 0.00830038 0.99925 7.01781e-08 0.00507046
0.0383 0.00834222 0.99918 7.73419e-08 0.00563493
0.0415 0.00838398 0.999111 8.45788e-08 0.00619266
0.0447 0.00842566 0.999041 9.19177e-08 0.00674698
0.0479 0.00846726 0.998972 9.94039e-08 0.00729974
0.0511 0.00850876 0.998903 1.06803e-07 0.00785091
0.0543 0.00855016 0.998833 1.13967e-07 0.00838129
0.0575 0.00859145 0.998764 1.21532e-07 0.00890008
0.0607 0.00863264 0.998694 1.28647e-07 0.00941717
0.0639 0.00867372 0.998625 1.36405e-07 0.00990487
0.0671 0.00871467 0.998555 1.42868e-07 0.0103566
0.0703 0.00875551 0.998486 1.50071e-07 0.0108073
0.0735 0.00879622 0.998416 1.56922e-07 0.0112682
0.0767 0.00883679 0.998347 1.6391e-07 0.0116822
0.0799 0.00887723 0.998278 1.70395e-07 0.0120237
0.0815 0.0088974 0.998243 2.62473e-08 0.00202871
0.0831 0.00891754 0.998209 2.66688e-08 0.00205679
0.0847 0.00893763 0.998174 2.70065e-08 0.00207788
0.0863 0.00895769 0.99814 2.74064e-08 0.00209454
0.0879 0.00897772 0.998105 2.78399e-08 0.0021099
0.0895 0.00899771 0.998071 2.83275e-08 0.00212642
0.0911 0.00901766 0.998036 2.8783e-08 0.00214579
0.0927 0.00903757 0.998002 2.92206e-08 0.00217628
0.0943 0.00905745 0.997968 2.96971e-08 0.00221376
0.0959 0.00907728 0.997933 3.03814e-08 0.00225318
0.0975 0.00909708 0.997899 3.08241e-08 0.00230057
0.0991 0.00911684 0.997865 3.13875e-08 0.00235529
0.1007 0.00913656 0.997831 3.19235e-08 0.00239118
0.1023 0.00915624 0.997796 3.21952e-08 0.00239589
0.1039 0.00917588 0.997762 3.27159e-08 0.00241627
0.1055 0.00919548 0.997728 3.28107e-08 0.00240019
0.1071 0.00921504 0.997694 3.2924e-08 0.00239667
0.1087 0.00923456 0.99766 3.35838e-08 0.00243063
0.1103 0.00925404 0.997626 3.4173e-08 0.00247079
0.1119 0.00927348 0.997592 3.44335e-08 0.00247252
0.1135 0.00929287 0.997558 3.48292e-08 0.00250971
0.1151 0.00931222 0.997525 3.55151e-08 0.00254007
0.1167 0.00933153 0.997491 3.59859e-08 0.00258452
0.1183 0.0093508 0.997457 3.63143e-08 0.00260084
0.1199 0.00937003 0.997423 3.6545e-08 0.00259279
0.1215 0.00938921 0.99739 3.66656e-08 0.00258502
0.1231 0.00940835 0.997356 3.71876e-08 0.00261091
0.1247 0.00942744 0.997323 3.72172e-08 0.0026043
0.1263 0.00944649 0.997289 3.75817e-08 0.00260482
0.1279 0.00946549 0.997256 3.80248e-08 0.00260935
0.1295 0.00948446 0.997222 3.85412e-08 0.00264537
0.1311 0.00950337 0.997189 3.91217e-08 0.00268802
0.1327 0.00952225 0.997156 3.96359e-08 0.00271787
0.1343 0.00954108 0.997123 4.01106e-08 0.00272755
0.1359 0.00955987 0.99709 4.06096e-08 0.00275312
0.1375 0.0095786 0.997056 4.07846e-08 0.00273952
0.1391 0.00959729 0.997023 4.05323e-08 0.00269251
0.1407 0.00961593 0.996991 4.07733e-08 0.00268426
0.1423 0.00963452 0.996958 4.09919e-08 0.00269335
0.1439 0.00965307 0.996925 4.15033e-08 0.00268605
0.1455 0.00967157 0.996892 4.22708e-08 0.00270066
0.1471 0.00969003 0.996859 4.24785e-08 0.00269062
0.1487 0.00970844 0.996827 4.2707e-08 0.00269959
0.1503 0.00972681 0.996794 4.30295e-08 0.00269311
0.1519 0.00974513 0.996762 4.39748e-08 0.00279661
0.1535 0.0097634 0.996729 4.45264e-08 0.00284128
0.1551 0.00978162 0.996697 4.46252e-08 0.00281781
0.1567 0.0097998 0.996665 4.51858e-08 0.00284601
0.1583 0.00981793 0.996632 4.54573e-08 0.00283991
0.1599 0.009836 0.9966 4.56462e-08 0.00282023
0.1615 0.00985403 0.996568 4.56666e-08 0.00275453
0.1631 0.00987201 0.996536 4.61911e-08 0.00278429
0.1647 0.00988994 0.996504 4.59944e-08 0.00277411
0.1663 0.00990783 0.996472 4.59e-08 0.00273257
0.1679 0.00992567 0.99644 4.665e-08 0.00274848
0.1695 0.00994346 0.996409 4.7115e-08 0.00277367
0.1711 0.0099612 0.996377 4.73225e-08 0.00276752
0.1727 0.00997889 0.996345 4.79834e-08 0.00277217
0.1743 0.00999653 0.996314 4.86505e-08 0.00280578
0.1759 0.0100141 0.996282 4.87766e-08 0.00279317
0.1775 0.0100317 0.996251 4.88866e-08 0.00278092
0.1791 0.0100492 0.99622 4.94877e-08 0.00280832
0.1807 0.0100666 0.996188 4.98462e-08 0.00283713
0.1823 0.010084 0.996157 5.04691e-08 0.00288952
0.1839 0.0101014 0.996126 5.04287e-08 0.00284993
0.1855 0.0101187 0.996095 5.08429e-08 0.00283975
0.1871 0.0101359 0.996064 5.11498e-08 0.00285563
0.1887 0.0101531 0.996033 5.19177e-08 0.00286715
0.1903 0.0101703 0.996002 5.21068e-08 0.00282947
0.1919 0.0101874 0.995972 5.21042e-08 0.0028048
0.1935 0.0102045 0.995941 5.26391e-08 0.00283273
0.1951 0.0102215 0.995911 5.29944e-08 0.00282019
0.1967 0.0102384 0.99588 5.33454e-08 0.00281136
0.1983 0.0102553 0.99585 5.39714e-08 0.00283856
0.1999 0.0102722 0.995819 5.45459e-08 0.00287894
0.2015 0.010289 0.995789 5.44916e-08 0.00284468
0.2031 0.0103058 0.995759 5.42684e-08 0.00279636
0.2047 0.0103225 0.995729 5.46596e-08 0.00279371
0.2063 0.0103391 0.995699 5.52258e-08 0.00281133
0.2079 0.0103557 0.995669 5.6327e-08 0.00288662
0.2095 0.0103723 0.995639 5.64433e-08 0.00284873
0.2111 0.0103888 0.995609 5.69902e-08 0.00282449
0.2127 0.0104053 0.99558 5.77464e-08 0.00286562
0.2143 0.0104217 0.99555 5.77747e-08 0.00284026
0.2159 0.0104381 0.99552 5.76322e-08 0.00279041
0.2175 0.0104544 0.995491 5.78858e-08 0.00279519
0.2191 0.0104707 0.995462 5.8151e-08 0.00279563
0.2207 0.0104869 0.995432 5.85945e-08 0.00280416
0.2223 0.010503 0.995403 5.89868e-08 0.00278811
0.2239 0.0105192 0.995374 5.97261e-08 0.0028403
0.2255 0.0105352 0.995345 6.01442e-08 0.00286399
0.2271 0.0105512 0.995316 6.05804e-08 0.00289118
0.2287 0.0105672 0.995287 6.09517e-08 0.00288436
0.2303 0.0105832 0.995258 6.16424e-08 0.00293975
0.2319 0.010599 0.99523 6.1817e-08 0.00292556
0.2335 0.0106149 0.995201 6.21757e-08 0.00290592
0.2351 0.0106307 0.995172 6.28963e-08 0.0029279
0.2367 0.0106464 0.995144 6.30959e-08 0.00289759
0.2383 0.0106621 0.995115 6.35524e-08 0.00287225
0.2399 0.0106777 0.995087 6.38022e-08 0.00282656
0.2415 0.0106933 0.995059 6.3972e-08 0.00281804
0.2431 0.0107088 0.995031 6.39262e-08 0.00278418
0.2447 0.0107243 0.995003 6.40499e-08 0.00275978
0.2463 0.0107397 0.994975 6.4695e-08 0.00279659
0.2479 0.0107551 0.994947 6.53651e-08 0.00285072
0.2495 0.0107705 0.994919 6.59653e-08 0.00284421
0.2511 0.0107858 0.994891 6.60376e-08 0.00280158
0.2527 0.010801 0.994863 6.68481e-08 0.00281764
0.2543 0.0108162 0.994836 6.70993e-08 0.00279927
0.2559 0.0108314 0.994808 6.79532e-08 0.00281883
0.2575 0.0108465 0.994781 6.85724e-08 0.00286164
0.2591 0.0108615 0.994754 6.83219e-08 0.00277062
0.2607 0.0108765 0.994726 6.83586e-08 0.00275101
0.2623 0.0108915 0.994699 6.88782e-08 0.00278081
0.2639 0.0109064 0.994672 7.00539e-08 0.00283297
0.2655 0.0109213 0.994645 7.04137e-08 0.00283603
0.2671 0.0109361 0.994618 7.10903e-08 0.00285209
0.2687 0.0109508 0.994591 7.13048e-08 0.00282585
0.2703 0.0109656 0.994564 7.1555e-08 0.00282874
0.2719 0.0109802 0.994538 7.20947e-08 0.00284715
0.2735 0.0109949 0.994511 7.22995e-08 0.00283698
0.2751 0.0110095 0.994485 7.2489e-08 0.00279846
0.2767 0.011024 0.994458 7.35647e-08 0.0028077
0.2783 0.0110385 0.994432 7.34385e-08 0.00278208
0.2799 0.0110529 0.994405 7.42719e-08 0.00282421
0.2815 0.0110673 0.994379 7.4613e-08 0.00284747
0.2831 0.0110817 0.994353 7.52872e-08 0.00285362
0.2847 0.011096 0.994327 7.57654e-08 0.00281342
0.2863 0.0111103 0.994301 7.64198e-08 0.00282803
0.2879 0.0111245 0.994275 7.7109e-08 0.00281453
0.2895 0.0111386 0.994249 7.77201e-08 0.00283343
0.2911 0.0111527 0.994224 7.85339e-08 0.00284623
0.2927 0.0111668 0.994198 7.91285e-08 0.00286168
0.2943 0.0111808 0.994172 7.97013e-08 0.00289142
0.2959 0.0111948 0.994147 7.96814e-08 0.00285094
0.2975 0.0112088 0.994121 8.00036e-08 0.002823
0.2991 0.0112227 0.994096 8.05983e-08 0.00281464
0.3007 0.0112365 0.994071 8.12614e-08 0.00283233
0.3023 0.0112503 0.994046 8.22803e-08 0.00286142
0.3039 0.0112641 0.994021 8.26874e-08 0.00285561
0.3055 0.0112778 0.993996 8.31767e-08 0.0028267
0.3071 0.0112915 0.993971 8.36198e-08 0.00284232
0.3087 0.0113051 0.993946 8.43181e-08 0.00284212
0.3103 0.0113187 0.993921 8.51163e-08 0.00289894
0.3119 0.0113322 0.993896 8.55876e-08 0.00289873
0.3135 0.0113457 0.993872 8.63525e-08 0.00287715
0.3151 0.0113592 0.993847 8.69521e-08 0.00288059
0.3167 0.0113726 0.993822 8.74497e-08 0.00287609
0.3183 0.0113859 0.993798 8.81715e-08 0.00288632
0.3199 0.0113993 0.993774 8.93982e-08 0.00292847
0.3215 0.0114125 0.993749 8.98756e-08 0.00293234
0.3231 0.0114258 0.993725 9.0294e-08 0.0029032
0.3247 0.011439 0.993701 9.07621e-08 0.00290168
0.3263 0.0114521 0.993677 9.11451e-08 0.00288809
0.3279 0.0114652 0.993653 9.21992e-08 0.00289725
0.3295 0.0114783 0.993629 9.27934e-08 0.00289966
0.3311 0.0114913 0.993606 9.30795e-08 0.00291325
0.3327 0.0115043 0.993582 9.37431e-08 0.00291718
0.3343 0.0115172 0.993558 9.4471e-08 0.00288901
0.3359 0.0115301 0.993535 9.51394e-08 0.00287944
0.3375 0.011543 0.993511 9.62949e-08 0.00292876
0.3391 0.0115558 0.993488 9.75705e-08 0.00298705
0.3407 0.0115686 0.993464 9.75156e-08 0.00295225
0.3423 0.0115813 0.993441 9.81878e-08 0.00293137
0.3439 0.011594 0.993418 9.88441e-08 0.00293178
0.3455 0.0116066 0.993395 9.9732e-08 0.00294733
0.3471 0.0116193 0.993372 1.00383e-07 0.00294828
0.3479 0.0116255 0.99336 1.50251e-08 0.000490877
0.3487 0.0116318 0.993349 1.50401e-08 0.000477299
0.3503 0.0116443 0.993326 1.01729e-07 0.00298975
0.3519 0.0116568 0.993303 1.02446e-07 0.00296521
0.3535 0.0116693 0.99328 1.03456e-07 0.00299352
0.3551 0.0116817 0.993257 1.03875e-07 0.00299319
0.3567 0.011694 0.993235 1.04146e-07 0.00299368
0.3583 0.0117064 0.993212 1.05221e-07 0.00299344
0.3599 0.0117186 0.99319 1.05975e-07 0.00300119
0.3615 0.0117309 0.993167 1.06484e-07 0.00297786
0.3631 0.0117431 0.993145 1.0749e-07 0.00302049
0.3647 0.0117553 0.993123 1.07915e-07 0.00305026
0.3663 0.0117674 0.9931 1.08835e-07 0.00304078
0.3679 0.0117795 0.993078 1.08825e-07 0.00298796
0.3695 0.0117916 0.993056 1.09805e-07 0.00300313
0.3711 0.0118036 0.993034 1.10682e-07 0.00301678
0.3727 0.0118156 0.993012 1.11971e-07 0.00307205
0.3743 0.0118275 0.99299 1.1241e-07 0.00307242
0.3759 0.0118394 0.992969 1.12488e-07 0.00303257
0.3775 0.0118513 0.992947 1.13516e-07 0.00304818
0.3791 0.0118631 0.992925 1.14121e-07 0.00304573
0.3807 0.0118749 0.992904 1.14719e-07 0.00309111
0.3815 0.0118808 0.992893 1.73075e-08 0.000530162
0.3823 0.0118866 0.992882 1.74386e-08 0.000512569
0.3831 0.0118925 0.992871 1.73622e-08 0.000488786
0.3847 0.0119042 0.99285 1.16098e-07 0.00305153
0.3863 0.0119158 0.992829 1.17147e-07 0.00305859
0.3871 0.0119217 0.992818 1.76516e-08 0.000495278
0.3879 0.0119275 0.992807 1.76955e-08 0.000501081
0.3887 0.0119333 0.992797 1.78195e-08 0.000498472
0.3895 0.0119391 0.992786 1.78444e-08 0.000501431
0.3911 0.0119506 0.992765 1.19367e-07 0.00310794
0.3927 0.0119621 0.992744 1.20548e-07 0.00311307
0.3943 0.0119736 0.992723 1.20811e-07 0.00314021
0.3951 0.0119793 0.992712 1.83508e-08 0.000532937
0.3959 0.0119851 0.992702 1.85169e-08 0.000557943
0.3967 0.0119908 0.992691 1.83526e-08 0.000514987
0.3975 0.0119965 0.992681 1.83954e-08 0.000517566
0.3983 0.0120022 0.992671 1.84761e-08 0.000501568
0.3991 0.0120078 0.99266 1.84453e-08 0.000487738
0.3999 0.0120135 0.99265 1.85093e-08 0.000495423
0.4015 0.0120248 0.992629 1.23979e-07 0.00313542
0.4023 0.0120305 0.992619 1.8803e-08 0.000546546
0.4031 0.0120361 0.992608 1.89166e-08 0.000544282
0.4039 0.0120417 0.992598 1.89742e-08 0.000517887
0.4047 0.0120473 0.992588 1.90892e-08 0.000538144
0.4055 0.012053 0.992577 1.90671e-08 0.000528552
0.4071 0.0120641 0.992557 1.2583e-07 0.00317161
0.4087 0.0120753 0.992537 1.25857e-07 0.00317317
0.4095 0.0120809 0.992526 1.91895e-08 0.000556711
0.4103 0.0120864 0.992516 1.93844e-08 0.000552561
0.4111 0.012092 0.992506 1.92697e-08 0.00053152
0.4119 0.0120975 0.992496 1.95644e-08 0.000544357
0.4127 0.012103 0.992486 1.951e-08 0.000535642
0.4135 0.0121086 0.992476 1.95674e-08 0.000531945
0.4143 0.0121141 0.992466 1.95368e-08 0.000552692
0.4151 0.0121196 0.992455 1.9661e-08 0.000544183
0.4159 0.0121251 0.992445 1.97471e-08 0.000549149
0.4167 0.0121306 0.992435 1.97465e-08 0.000558466
0.4175 0.0121361 0.992425 1.96598e-08 0.00053245
0.4183 0.0121415 0.992415 1.9757e-08 0.000537456
0.4191 0.012147 0.992405 1.98695e-08 0.000545956
0.4199 0.0121525 0.992395 1.9965e-08 0.000539574
0.4207 0.0121579 0.992385 1.99914e-08 0.000535322
0.4215 0.0121634 0.992375 2.01571e-08 0.000538295
0.4223 0.0121688 0.992365 2.01187e-08 0.000535669
0.4231 0.0121742 0.992355 2.03281e-08 0.000562927
0.4239 0.0121796 0.992346 2.03527e-08 0.000583919
0.4247 0.012185 0.992336 2.02181e-08 0.000563927
0.4255 0.0121904 0.992326 2.0509e-08 0.000583993
0.4263 0.0121958 0.992316 2.03898e-08 0.000542957
0.4271 0.0122012 0.992306 2.04339e-08 0.000553891
0.4279 0.0122066 0.992296 2.0529e-08 0.000563536
0.4287 0.012212 0.992286 2.05776e-08 0.000568814
0.4295 0.0122173 0.992277 2.06025e-08 0.000561356
0.4303 0.0122227 0.992267 2.07066e-08 0.000581636
0.4311 0.012228 0.992257 2.08951e-08 0.000587916
0.4319 0.0122333 0.992247 2.09833e-08 0.000575487
0.4327 0.0122387 0.992238 2.11343e-08 0.000584462
0.4335 0.012244 0.992228 2.10367e-08 0.000551691
0.4343 0.0122493 0.992218 2.12994e-08 0.000580012
0.4351 0.0122546 0.992208 2.09791e-08 0.000544204
0.4359 0.0122599 0.992199 2.11695e-08 0.000556596
0.4367 0.0122652 0.992189 2.11738e-08 0.000570244
0.4375 0.0122705 0.992179 2.13907e-08 0.000586415
0.4383 0.0122757 0.99217 2.14585e-08 0.000611563
0.4391 0.012281 0.99216 2.15844e-08 0.000598995
0.4399 0.0122862 0.99215 2.15946e-08 0.000595304
0.4407 0.0122915 0.992141 2.16185e-08 0.000599848
0.4415 0.0122967 0.992131 2.15616e-08 0.000601349
0.4423 0.012302 0.992122 2.17923e-08 0.000611051
0.4431 0.0123072 0.992112 2.18209e-08 0.000599142
0.4439 0.0123124 0.992103 2.18766e-08 0.00060535
0.4447 0.0123176 0.992093 2.20052e-08 0.000595914
0.4455 0.0123228 0.992084 2.19124e-08 0.000599709
0.4463 0.012328 0.992074 2.19921e-08 0.000581047
0.4471 0.0123332 0.992065 2.20304e-08 0.000602745
0.4479 0.0123384 0.992055 2.22571e-08 0.000613145
0.4487 0.0123436 0.992046 2.22421e-08 0.000610973
0.4495 0.0123487 0.992036 2.23186e-08 0.000613258
0.4503 0.0123539 0.992027 2.21647e-08 0.000598913
0.4511 0.012359 0.992017 2.21649e-08 0.000571435
0.4519 0.0123642 0.992008 2.23266e-08 0.00059108
0.4527 0.0123693 0.991999 2.2457e-08 0.000593864
0.4535 0.0123744 0.991989 2.23295e-08 0.000596734
0.4543 0.0123795 0.99198 2.26191e-08 0.000618518
0.4551 0.0123846 0.991971 2.26369e-08 0.00063302
0.4559 0.0123897 0.991961 2.26085e-08 0.000616896
0.4567 0.0123948 0.991952 2.26601e-08 0.000604442
0.4575 0.0123999 0.991943 2.28244e-08 0.000620401
0.4583 0.012405 0.991933 2.30751e-08 0.000641843
0.4591 0.0124101 0.991924 2.31012e-08 0.000637384
0.4599 0.0124151 0.991915 2.3215e-08 0.000642004
0.4607 0.0124202 0.991906 2.32937e-08 0.000656066
0.4615 0.0124252 0.991896 2.33176e-08 0.000646685
0.4623 0.0124303 0.991887 2.33526e-08 0.00063541
0.4631 0.0124353 0.991878 2.30014e-08 0.000601063
0.4639 0.0124404 0.991869 2.32706e-08 0.000624627
0.4647 0.0124454 0.99186 2.33127e-08 0.000608487
0.4655 0.0124504 0.991851 2.34145e-08 0.000626462
0.4663 0.0124554 0.991841 2.36765e-08 0.000626756
0.4671 0.0124604 0.991832 2.37944e-08 0.000646381
0.4679 0.0124654 0.991823 2.40386e-08 0.000673026
0.4687 0.0124704 0.991814 2.44311e-08 0.000720347
0.4695 0.0124754 0.991805 2.44364e-08 0.000700613
0.4703 0.0124804 0.991796 2.41503e-08 0.0006669
0.4711 0.0124854 0.991787 2.40861e-08 0.000680492
0.4719 0.0124903 0.991778 2.42038e-08 0.000672184
0.4727 0.0124953 0.991769 2.4246e-08 0.000673428
0.4735 0.0125003 0.99176 2.42618e-08 0.000651709
0.4743 0.0125052 0.991751 2.43288e-08 0.000689241
0.4751 0.0125101 0.991742 2.40979e-08 0.000649151
0.4759 0.0125151 0.991733 2.44133e-08 0.000682589
0.4767 0.01252 0.991724 2.45068e-08 0.000716223
0.4775 0.0125249 0.991715 2.45857e-08 0.000697634
0.4783 0.0125298 0.991706 2.47786e-08 0.000659098
0.4791 0.0125347 0.991697 2.47314e-08 0.000683225
0.4799 0.0125396 0.991688 2.49989e-08 0.000706327
0.4807 0.0125445 0.991679 2.49588e-08 0.000731656
0.4815 0.0125493 0.99167 2.51755e-08 0.000728119
0.4823 0.0125542 0.991661 2.53384e-08 0.000749216
0.4831 0.0125591 0.991652 2.53179e-08 0.000725993
0.4839 0.0125639 0.991644 2.52569e-08 0.000706416
0.4847 0.0125688 0.991635 2.51791e-08 0.00070423
0.4855 0.0125736 0.991626 2.52678e-08 0.000740556
0.4863 0.0125784 0.991617 2.52664e-08 0.000765636
0.4871 0.0125833 0.991608 2.52828e-08 0.000704698
0.4879 0.0125881 0.9916 2.52943e-08 0.000687374
0.4887 0.0125929 0.991591 2.53026e-08 0.000678018
0.4895 0.0125978 0.991582 2.53495e-08 0.000698959
0.4903 0.0126026 0.991573 2.57055e-08 0.000732372
0.4911 0.0126074 0.991565 2.57354e-08 0.000718752
0.4919 0.0126122 0.991556 2.58945e-08 0.000730963
0.4927 0.012617 0.991547 2.58413e-08 0.000710843
0.4935 0.0126217 0.991538 2.6089e-08 0.000732622
0.4943 0.0126265 0.99153 2.63672e-08 0.000762754
0.4951 0.0126313 0.991521 2.63633e-08 0.000770782
0.4959 0.0126361 0.991512 2.62817e-08 0.000733305
0.4967 0.0126408 0.991504 2.61639e-08 0.000713919
0.4975 0.0126456 0.991495 2.6187e-08 0.00071683
0.4983 0.0126503 0.991487 2.6387e-08 0.00073708
0.4991 0.0126551 0.991478 2.63101e-08 0.000724335
0.4999 0.0126598 0.991469 2.65073e-08 0.000750645
0.5 0.0126604 0.991468 1.81932e-10 1.24464e-05
0.5002 0.0126616 0.991466 1.47926e-10 6.71356e-06
0.5006 0.012664 0.991462 7.08368e-10 2.70915e-05
0.5014 0.0126689 0.991453 3.94865e-09 0.000118474
0.503 0.0126785 0.991437 2.55079e-08 0.000518991
0.5062 0.0126978 0.991403 1.82706e-07 0.00285885
0.5094 0.012717 0.99137 1.8366e-07 0.00277085
0.5126 0.0127361 0.991337 1.88649e-07 0.00311984
0.5158 0.012755 0.991304 1.89863e-07 0.00307354
0.519 0.0127739 0.991271 1.91355e-07 0.00296638
0.5222 0.0127927 0.991238 1.95326e-07 0.00317516
0.5254 0.0128114 0.991206 1.99624e-07 0.00331305
0.527 0.0128206 0.99119 2.863e-08 0.000634382
0.5286 0.0128299 0.991174 2.85971e-08 0.000574449
0.5302 0.0128392 0.991158 2.92575e-08 0.000605881
0.5318 0.0128484 0.991142 2.97207e-08 0.000648644
0.5334 0.0128576 0.991126 3.00457e-08 0.000678621
0.5366 0.012876 0.991094 2.11742e-07 0.00377883
0.5382 0.0128851 0.991078 3.08226e-08 0.000678604
0.5398 0.0128942 0.991062 3.08796e-08 0.00062914
0.5414 0.0129033 0.991047 3.14594e-08 0.000701196
0.543 0.0129124 0.991031 3.16073e-08 0.000732023
0.5446 0.0129214 0.991016 3.19408e-08 0.000760199
0.5462 0.0129305 0.991 3.26816e-08 0.00072781
0.5478 0.0129395 0.990984 3.33708e-08 0.000767862
0.5494 0.0129484 0.990969 3.31262e-08 0.000730471
0.551 0.0129574 0.990953 3.33479e-08 0.000740747
0.5526 0.0129663 0.990938 3.38765e-08 0.000801185
0.5542 0.0129752 0.990923 3.43566e-08 0.000848294
0.5558 0.0129841 0.990907 3.44474e-08 0.000837982
0.5574 0.012993 0.990892 3.50433e-08 0.000885366
0.559 0.0130018 0.990877 3.55387e-08 0.000850153
0.5606 0.0130106 0.990862 3.58594e-08 0.000875705
0.5622 0.0130194 0.990846 3.62541e-08 0.000877279
0.5638 0.0130282 0.990831 3.61157e-08 0.000894093
0.5654 0.013037 0.990816 3.68633e-08 0.000955848
0.567 0.0130457 0.990801 3.70154e-08 0.00096778
0.5686 0.0130544 0.990786 3.72773e-08 0.000980176
0.5702 0.0130631 0.990771 3.75434e-08 0.000966302
0.5718 0.0130718 0.990756 3.7902e-08 0.000995042
0.5734 0.0130805 0.990741 3.83723e-08 0.000992208
0.575 0.0130891 0.990727 3.85559e-08 0.000999762
0.5766 0.0130977 0.990712 3.92719e-08 0.0010536
0.5782 0.0131063 0.990697 3.9051e-08 0.00108301
0.5798 0.0131149 0.990682 3.92321e-08 0.00106389
0.5814 0.0131234 0.990668 3.96094e-08 0.00109761
0.583 0.0131319 0.990653 3.99326e-08 0.00107632
0.5846 0.0131404 0.990638 4.02729e-08 0.00109057
0.5862 0.0131489 0.990624 4.06175e-08 0.00110033
0.5878 0.0131574 0.990609 4.09866e-08 0.00113863
0.5894 0.0131658 0.990595 4.18184e-08 0.00118025
0.591 0.0131743 0.990581 4.14501e-08 0.00116519
0.5926 0.0131827 0.990566 4.12476e-08 0.00116
0.5942 0.0131911 0.990552 4.15967e-08 0.00115
0.5958 0.0131994 0.990538 4.25423e-08 0.00118224
0.5974 0.0132078 0.990523 4.25437e-08 0.00117226
0.599 0.0132161 0.990509 4.2679e-08 0.00118683
0.6006 0.0132244 0.990495 4.32146e-08 0.00124171
0.6022 0.0132327 0.990481 4.31204e-08 0.00125152
0.6038 0.013241 0.990467 4.38172e-08 0.00126552
0.6054 0.0132492 0.990453 4.37148e-08 0.00125592
0.607 0.0132574 0.990439 4.39178e-08 0.00122834
0.6086 0.0132657 0.990425 4.41954e-08 0.0012393
0.6102 0.0132738 0.990411 4.46561e-08 0.00124727
0.6118 0.013282 0.990397 4.531e-08 0.00128317
0.6134 0.0132902 0.990383 4.58968e-08 0.00132445
0.615 0.0132984 0.990369 4.58297e-08 0.00132802
0.6166 0.0133065 0.990355 4.55997e-08 0.0013203
0.6182 0.0133147 0.990341 4.62303e-08 0.00134283
0.6198 0.0133228 0.990328 4.65682e-08 0.00133141
0.6214 0.0133308 0.990314 4.7011e-08 0.00134498
0.623 0.0133389 0.9903 4.71916e-08 0.00134379
0.6246 0.013347 0.990287 4.756e-08 0.00135275
0.6254 0.013351 0.99028 7.37953e-09 0.000233725
0.627 0.0133591 0.990266 4.75955e-08 0.00136226
0.6286 0.0133671 0.990253 4.76969e-08 0.00137967
0.6302 0.0133751 0.990239 4.78164e-08 0.00136673
0.6318 0.013383 0.990226 4.84818e-08 0.00136579
0.6334 0.013391 0.990212 4.87875e-08 0.00138492
0.635 0.013399 0.990199 4.91851e-08 0.00140528
0.6366 0.0134069 0.990186 5.00819e-08 0.00145105
0.6382 0.0134148 0.990172 4.99765e-08 0.00142802
0.6398 0.0134227 0.990159 4.93238e-08 0.00140266
0.6414 0.0134306 0.990146 4.95612e-08 0.00141514
0.643 0.0134384 0.990132 5.01586e-08 0.00140056
0.6438 0.0134424 0.990126 7.84136e-09 0.000233692
0.6454 0.0134502 0.990113 5.06532e-08 0.00137721
0.6462 0.0134541 0.990106 7.89178e-09 0.000245095
0.647 0.013458 0.9901 7.95991e-09 0.000245035
0.6486 0.0134658 0.990086 5.09354e-08 0.00140661
0.6502 0.0134736 0.990073 5.12785e-08 0.00142607
0.6518 0.0134814 0.99006 5.15618e-08 0.00141858
0.6534 0.0134891 0.990047 5.15759e-08 0.00140408
0.655 0.0134968 0.990034 5.22982e-08 0.0013935
0.6558 0.0135007 0.990028 8.10173e-09 0.000237874
0.6574 0.0135084 0.990015 5.27143e-08 0.00143478
0.6582 0.0135122 0.990008 8.19079e-09 0.000250138
0.6598 0.0135199 0.989996 5.33978e-08 0.00146815
0.6614 0.0135276 0.989983 5.35978e-08 0.00147319
0.6622 0.0135314 0.989976 8.1915e-09 0.000254349
0.663 0.0135352 0.98997 8.17695e-09 0.000249206
0.6646 0.0135429 0.989957 5.35918e-08 0.00145814
0.6662 0.0135505 0.989944 5.38839e-08 0.00144472
0.6678 0.0135581 0.989932 5.43693e-08 0.0014274
0.6694 0.0135657 0.989919 5.47256e-08 0.00140484
0.671 0.0135732 0.989906 5.51144e-08 0.00143483
0.6726 0.0135808 0.989894 5.50341e-08 0.00145591
0.6742 0.0135883 0.989881 5.5326e-08 0.00143869
0.675 0.0135921 0.989875 8.52168e-09 0.000250876
0.6766 0.0135996 0.989862 5.56643e-08 0.00143804
0.6782 0.0136071 0.98985 5.63461e-08 0.00144936
0.6798 0.0136146 0.989837 5.61589e-08 0.00142013
0.6814 0.013622 0.989825 5.62693e-08 0.00141083
0.6822 0.0136258 0.989818 8.86693e-09 0.000260285
0.683 0.0136295 0.989812 8.93189e-09 0.000261223
0.6838 0.0136332 0.989806 8.9186e-09 0.000264928
0.6854 0.0136407 0.989794 5.77094e-08 0.00145317
0.687 0.0136481 0.989781 5.7623e-08 0.00144399
0.6878 0.0136518 0.989775 8.89057e-09 0.000259097
0.6886 0.0136555 0.989769 8.90811e-09 0.000264152
0.6902 0.0136629 0.989757 5.83639e-08 0.00146917
0.691 0.0136666 0.98975 9.03742e-09 0.000257466
0.6926 0.0136739 0.989738 5.88276e-08 0.00144298
0.6934 0.0136776 0.989732 9.06821e-09 0.000252665
0.6942 0.0136813 0.989726 9.08276e-09 0.000259157
0.695 0.0136849 0.98972 9.05739e-09 0.000257457
0.6958 0.0136886 0.989714 9.13002e-09 0.000259885
0.6974 0.0136959 0.989701 6.01876e-08 0.00147171
0.699 0.0137033 0.989689 5.99717e-08 0.00145454
0.7006 0.0137105 0.989677 6.00942e-08 0.00144232
0.7022 0.0137178 0.989665 6.0285e-08 0.00142017
0.703 0.0137214 0.989659 9.26362e-09 0.000254969
0.7038 0.0137251 0.989653 9.30344e-09 0.000258794
0.7046 0.0137287 0.989647 9.33598e-09 0.000250976
0.7054 0.0137323 0.989641 9.49699e-09 0.000260405
0.707 0.0137396 0.989629 6.22635e-08 0.00148339
0.7078 0.0137432 0.989623 9.54895e-09 0.000268087
0.7086 0.0137468 0.989617 9.45356e-09 0.000263187
0.7094 0.0137504 0.989611 9.46306e-09 0.000265105
0.711 0.0137576 0.989599 6.25498e-08 0.00148863
0.7118 0.0137612 0.989593 9.49475e-09 0.000259846
0.7126 0.0137648 0.989587 9.45651e-09 0.000246363
0.7142 0.0137719 0.989575 6.3088e-08 0.00145254
0.7158 0.0137791 0.989563 6.3227e-08 0.00142265
0.7174 0.0137862 0.989551 6.37963e-08 0.00145045
0.7182 0.0137898 0.989545 9.81504e-09 0.000270523
0.719 0.0137934 0.989539 9.79271e-09 0.000256224
0.7198 0.0137969 0.989533 9.80595e-09 0.00025503
0.7206 0.0138005 0.989528 9.88518e-09 0.000254611
0.7214 0.013804 0.989522 9.71108e-09 0.000240609
0.723 0.0138111 0.98951 6.47172e-08 0.00145216
0.7238 0.0138147 0.989504 9.88909e-09 0.000253674
0.7246 0.0138182 0.989498 9.88121e-09 0.000250394
0.7262 0.0138253 0.989486 6.54361e-08 0.00144227
0.7278 0.0138323 0.989475 6.57814e-08 0.00144122
0.7294 0.0138394 0.989463 6.64743e-08 0.00144814
0.731 0.0138464 0.989451 6.6853e-08 0.00146923
0.7318 0.0138499 0.989445 1.0167e-08 0.000261862
0.7326 0.0138535 0.98944 1.01811e-08 0.000262945
0.7334 0.013857 0.989434 1.02653e-08 0.000266638
0.735 0.013864 0.989422 6.70754e-08 0.00148911
0.7366 0.013871 0.989411 6.72651e-08 0.00147694
0.7382 0.0138779 0.989399 6.76855e-08 0.00147401
0.739 0.0138814 0.989393 1.04026e-08 0.0002679
0.7398 0.0138849 0.989387 1.04229e-08 0.000269817
0.7406 0.0138883 0.989382 1.06062e-08 0.000278907
0.7414 0.0138918 0.989376 1.05564e-08 0.000272316
0.7422 0.0138953 0.98937 1.0615e-08 0.000268306
0.7438 0.0139022 0.989359 6.96172e-08 0.00150191
0.7454 0.0139092 0.989347 6.90614e-08 0.00146318
0.747 0.0139161 0.989336 6.95227e-08 0.00146252
0.7486 0.013923 0.989324 6.93144e-08 0.0014551
0.7502 0.0139298 0.989313 7.00294e-08 0.00145476
0.751 0.0139333 0.989307 1.07772e-08 0.000244533
0.7518 0.0139367 0.989301 1.08099e-08 0.00025276
0.7526 0.0139401 0.989296 1.08493e-08 0.000252062
0.7534 0.0139436 0.98929 1.08831e-08 0.000255776
0.7542 0.013947 0.989284 1.08379e-08 0.000260492
0.755 0.0139504 0.989279 1.08552e-08 0.000258215
0.7558 0.0139538 0.989273 1.08725e-08 0.000250883
0.7566 0.0139573 0.989267 1.09038e-08 0.000250196
0.7574 0.0139607 0.989262 1.08786e-08 0.0002477
0.7582 0.0139641 0.989256 1.091e-08 0.000242839
0.7598 0.0139709 0.989245 7.21256e-08 0.00147841
0.7614 0.0139777 0.989234 7.20535e-08 0.00144961
0.7622 0.0139811 0.989228 1.10042e-08 0.000240215
0.763 0.0139844 0.989222 1.11019e-08 0.000252482
0.7638 0.0139878 0.989217 1.11181e-08 0.000251096
0.7646 0.0139912 0.989211 1.11446e-08 0.000249356
0.7654 0.0139946 0.989205 1.1328e-08 0.000247331
0.7662 0.013998 0.9892 1.11386e-08 0.000245362
0.767 0.0140014 0.989194 1.12605e-08 0.000248759
0.7686 0.0140082 0.989183 7.36057e-08 0.0014785
0.7702 0.0140149 0.989172 7.39448e-08 0.00147437
0.7718 0.0140216 0.989161 7.40524e-08 0.00148552
0.7734 0.0140283 0.98915 7.45664e-08 0.00148263
0.7742 0.0140317 0.989144 1.14687e-08 0.000244522
0.775 0.014035 0.989138 1.13656e-08 0.000242076
0.7758 0.0140384 0.989133 1.152e-08 0.000247902
0.7766 0.0140417 0.989127 1.15978e-08 0.000255234
0.7782 0.0140484 0.989116 7.5536e-08 0.00150167
0.779 0.0140517 0.989111 1.1687e-08 0.000264891
0.7798 0.0140551 0.989105 1.16601e-08 0.000251512
0.7806 0.0140584 0.9891 1.16641e-08 0.000250839
0.7822 0.0140651 0.989089 7.60561e-08 0.00148699
0.783 0.0140684 0.989083 1.15783e-08 0.000246136
0.7846 0.014075 0.989072 7.58258e-08 0.0014519
0.7854 0.0140783 0.989066 1.17849e-08 0.000260154
0.7862 0.0140816 0.989061 1.19068e-08 0.000273781
0.787 0.014085 0.989055 1.19307e-08 0.000265952
0.7878 0.0140883 0.98905 1.1983e-08 0.000274276
0.7894 0.0140949 0.989039 7.73804e-08 0.00149675
0.7902 0.0140982 0.989034 1.19895e-08 0.000271716
0.791 0.0141015 0.989028 1.19759e-08 0.000269191
0.7918 0.0141048 0.989023 1.20626e-08 0.000274667
0.7934 0.0141114 0.989012 7.79184e-08 0.00149466
0.7942 0.0141147 0.989006 1.21118e-08 0.000280081
0.7958 0.0141212 0.988995 7.83328e-08 0.00149095
0.7966 0.0141245 0.98899 1.2134e-08 0.00028089
0.7974 0.0141278 0.988984 1.21952e-08 0.000293689
0.799 0.0141343 0.988974 7.91809e-08 0.00148838
0.8006 0.0141409 0.988963 7.92953e-08 0.0014917
0.8014 0.0141441 0.988957 1.23028e-08 0.000290862
0.8022 0.0141474 0.988952 1.23615e-08 0.000297669
0.803 0.0141507 0.988946 1.23913e-08 0.000296692
0.8038 0.0141539 0.988941 1.2509e-08 0.000302713
0.8054 0.0141604 0.98893 8.00392e-08 0.00149893
0.807 0.0141669 0.988919 7.99759e-08 0.00148566
0.8078 0.0141702 0.988914 1.23865e-08 0.000302797
0.8086 0.0141734 0.988909 1.24804e-08 0.000307231
0.8094 0.0141766 0.988903 1.25303e-08 0.000316553
0.8102 0.0141799 0.988898 1.2591e-08 0.000315535
0.811 0.0141831 0.988892 1.27844e-08 0.000326435
0.8118 0.0141863 0.988887 1.28431e-08 0.000328121
0.8126 0.0141896 0.988882 1.27084e-08 0.000318852
0.8134 0.0141928 0.988876 1.27865e-08 0.000318721
0.8142 0.014196 0.988871 1.27466e-08 0.000312283
0.815 0.0141993 0.988866 1.27694e-08 0.000312336
0.8158 0.0142025 0.98886 1.27229e-08 0.000312833
0.8166 0.0142057 0.988855 1.27667e-08 0.000319876
0.8174 0.0142089 0.98885 1.27752e-08 0.000320672
0.819 0.0142154 0.988839 8.1948e-08 0.00148221
0.8198 0.0142186 0.988834 1.28172e-08 0.000337057
0.8206 0.0142218 0.988828 1.28623e-08 0.000324643
0.8214 0.014225 0.988823 1.29394e-08 0.000330387
0.8222 0.0142282 0.988818 1.2931e-08 0.00033403
0.8238 0.0142346 0.988807 8.36728e-08 0.00152601
0.8246 0.0142378 0.988802 1.32237e-08 0.000339412
0.8254 0.014241 0.988796 1.32096e-08 0.000342299
0.8262 0.0142442 0.988791 1.31854e-08 0.000339911
0.827 0.0142474 0.988786 1.32481e-08 0.000348371
0.8286 0.0142538 0.988775 8.45529e-08 0.00150161
0.8302 0.0142601 0.988764 8.45338e-08 0.00150904
0.831 0.0142633 0.988759 1.31753e-08 0.000344108
0.8318 0.0142665 0.988754 1.32807e-08 0.000349826
0.8326 0.0142696 0.988749 1.31861e-08 0.000342045
0.8334 0.0142728 0.988743 1.33015e-08 0.000360639
0.8342 0.014276 0.988738 1.33531e-08 0.000351167
0.835 0.0142791 0.988733 1.34885e-08 0.000355801
0.8358 0.0142823 0.988727 1.35242e-08 0.000355599
0.8366 0.0142855 0.988722 1.35877e-08 0.00035556
0.8374 0.0142886 0.988717 1.35055e-08 0.000347576
0.8382 0.0142918 0.988712 1.35247e-08 0.000357614
0.839 0.014295 0.988706 1.35326e-08 0.000347738
0.8398 0.0142981 0.988701 1.35136e-08 0.000350002
0.8406 0.0143013 0.988696 1.35159e-08 0.000355854
0.8414 0.0143044 0.988691 1.34516e-08 0.000354039
0.8422 0.0143076 0.988686 1.35072e-08 0.000351088
0.843 0.0143107 0.98868 1.35005e-08 0.000355958
0.8438 0.0143139 0.988675 1.3633e-08 0.000363526
0.8446 0.014317 0.98867 1.37606e-08 0.000365188
0.8454 0.0143201 0.988665 1.37765e-08 0.00036967
0.8462 0.0143233 0.988659 1.38372e-08 0.000368966
0.847 0.0143264 0.988654 1.38485e-08 0.000366791
0.8478 0.0143296 0.988649 1.38037e-08 0.000358398
0.8486 0.0143327 0.988644 1.40505e-08 0.000371591
0.8494 0.0143358 0.988638 1.40067e-08 0.000367876
0.8502 0.014339 0.988633 1.38785e-08 0.000358675
0.851 0.0143421 0.988628 1.39859e-08 0.000374915
0.8518 0.0143452 0.988623 1.38384e-08 0.000364281
0.8526 0.0143484 0.988618 1.38611e-08 0.000357781
0.8534 0.0143515 0.988612 1.39127e-08 0.000373991
0.8542 0.0143546 0.988607 1.39316e-08 0.000373269
0.855 0.0143577 0.988602 1.39305e-08 0.000364555
0.8558 0.0143608 0.988597 1.39822e-08 0.000367744
0.8566 0.0143639 0.988592 1.41282e-08 0.000371985
0.8574 0.014367 0.988587 1.42416e-08 0.000381928
0.8582 0.0143702 0.988581 1.43598e-08 0.000377919
0.859 0.0143733 0.988576 1.44014e-08 0.000382452
0.8598 0.0143764 0.988571 1.44217e-08 0.000378674
0.8606 0.0143795 0.988566 1.44263e-08 0.000379975
0.8614 0.0143826 0.988561 1.45065e-08 0.000378155
0.8622 0.0143857 0.988555 1.44593e-08 0.000390604
0.863 0.0143888 0.98855 1.44631e-08 0.000379264
0.8638 0.0143919 0.988545 1.42862e-08 0.0003634
0.8646 0.014395 0.98854 1.43765e-08 0.000378053
0.8654 0.0143981 0.988535 1.43594e-08 0.000383832
0.8662 0.0144012 0.98853 1.44087e-08 0.000386475
0.867 0.0144043 0.988525 1.45865e-08 0.000384554
0.8678 0.0144074 0.98852 1.4516e-08 0.000377027
0.8686 0.0144105 0.988514 1.4662e-08 0.000385601
0.8694 0.0144135 0.988509 1.47052e-08 0.000392897
0.8702 0.0144166 0.988504 1.48722e-08 0.00039795
0.871 0.0144197 0.988499 1.4971e-08 0.000405157
0.8718 0.0144228 0.988494 1.47873e-08 0.000381322
0.8726 0.0144259 0.988489 1.47846e-08 0.000393413
0.8734 0.014429 0.988484 1.4559e-08 0.00036978
0.8742 0.014432 0.988479 1.47631e-08 0.000386559
0.875 0.0144351 0.988473 1.48059e-08 0.000390775
0.8758 0.0144382 0.988468 1.47184e-08 0.000375282
0.8766 0.0144412 0.988463 1.48039e-08 0.000391059
0.8774 0.0144443 0.988458 1.48098e-08 0.000388149
0.8782 0.0144474 0.988453 1.49704e-08 0.00040449
0.879 0.0144504 0.988448 1.51187e-08 0.000413028
0.8798 0.0144535 0.988443 1.50783e-08 0.000396612
0.8806 0.0144565 0.988438 1.49923e-08 0.000396769
0.8814 0.0144596 0.988433 1.5136e-08 0.000389672
0.8822 0.0144627 0.988428 1.528e-08 0.000405509
0.883 0.0144657 0.988422 1.53826e-08 0.000408677
0.8838 0.0144688 0.988417 1.52646e-08 0.000396438
0.8846 0.0144719 0.988412 1.51094e-08 0.000393316
0.8854 0.0144749 0.988407 1.50627e-08 0.000396722
0.8862 0.014478 0.988402 1.51812e-08 0.00039826
0.887 0.014481 0.988397 1.5386e-08 0.000413229
0.8878 0.0144841 0.988392 1.52385e-08 0.000399543
0.8886 0.0144871 0.988387 1.51185e-08 0.000391846
0.8894 0.0144901 0.988382 1.52698e-08 0.000395682
0.8902 0.0144932 0.988377 1.53697e-08 0.000406196
0.891 0.0144962 0.988372 1.55016e-08 0.000405427
0.8918 0.0144992 0.988367 1.55515e-08 0.000411236
0.8926 0.0145023 0.988362 1.55124e-08 0.000400843
0.8934 0.0145053 0.988357 1.55446e-08 0.00040898
0.8942 0.0145084 0.988352 1.55121e-08 0.000396282
0.895 0.0145114 0.988347 1.55303e-08 0.00040822
0.8958 0.0145144 0.988342 1.56519e-08 0.000410737
0.8966 0.0145175 0.988337 1.56941e-08 0.000407684
0.8974 0.0145205 0.988332 1.57501e-08 0.000410395
0.8982 0.0145235 0.988327 1.57678e-08 0.00042118
0.899 0.0145265 0.988322 1.57299e-08 0.000408838
0.8998 0.0145296 0.988316 1.56173e-08 0.00040357
0.9006 0.0145326 0.988311 1.57116e-08 0.000417465
0.9014 0.0145356 0.988306 1.57301e-08 0.000403691
0.9022 0.0145386 0.988301 1.57337e-08 0.000409081
0.903 0.0145416 0.988296 1.59257e-08 0.000410118
0.9038 0.0145446 0.988291 1.59031e-08 0.000416434
0.9046 0.0145476 0.988286 1.60263e-08 0.000424167
0.9054 0.0145507 0.988281 1.60278e-08 0.00042284
0.9062 0.0145537 0.988276 1.59314e-08 0.000411119
0.907 0.0145567 0.988271 1.60302e-08 0.000421086
0.9078 0.0145597 0.988266 1.60934e-08 0.000419712
0.9086 0.0145627 0.988261 1.60651e-08 0.000408658
0.9094 0.0145657 0.988256 1.5955e-08 0.000410411
0.9102 0.0145687 0.988252 1.5979e-08 0.000413548
0.911 0.0145717 0.988247 1.59661e-08 0.000411827
0.9118 0.0145747 0.988242 1.60707e-08 0.000413742
0.9126 0.0145777 0.988237 1.61332e-08 0.000418395
0.9134 0.0145807 0.988232 1.61051e-08 0.000417035
0.9142 0.0145837 0.988227 1.63159e-08 0.000432548
0.915 0.0145867 0.988222 1.62459e-08 0.000425018
0.9158 0.0145897 0.988217 1.62751e-08 0.000422005
0.9166 0.0145927 0.988212 1.64577e-08 0.000429072
0.9174 0.0145957 0.988207 1.65348e-08 0.000429147
0.9182 0.0145987 0.988202 1.65753e-08 0.000429642
0.919 0.0146017 0.988197 1.65614e-08 0.00042582
0.9198 0.0146047 0.988192 1.66054e-08 0.000431815
0.9206 0.0146077 0.988187 1.65208e-08 0.000423322
0.9214 0.0146106 0.988182 1.64756e-08 0.000425782
0.9222 0.0146136 0.988177 1.64722e-08 0.000425591
0.923 0.0146166 0.988172 1.64183e-08 0.000416715
0.9238 0.0146196 0.988167 1.65766e-08 0.000426209
0.9246 0.0146226 0.988162 1.66398e-08 0.000431875
0.9254 0.0146256 0.988157 1.66173e-08 0.000436174
0.9262 0.0146285 0.988152 1.66618e-08 0.000440135
0.927 0.0146315 0.988148 1.65759e-08 0.000426312
0.9278 0.0146345 0.988143 1.67049e-08 0.000434754
0.9286 0.0146374 0.988138 1.67511e-08 0.000435031
0.9294 0.0146404 0.988133 1.67225e-08 0.000428307
0.9302 0.0146434 0.988128 1.68908e-08 0.000436588
0.931 0.0146464 0.988123 1.69075e-08 0.000429992
0.9318 0.0146493 0.988118 1.68025e-08 0.000428892
0.9326 0.0146523 0.988113 1.69649e-08 0.000447257
0.9334 0.0146553 0.988108 1.69666e-08 0.000441215
0.9342 0.0146582 0.988103 1.70385e-08 0.000451333
0.935 0.0146612 0.988098 1.70767e-08 0.000448362
0.9358 0.0146642 0.988093 1.70142e-08 0.000448408
0.9366 0.0146671 0.988089 1.69171e-08 0.0004367
0.9374 0.0146701 0.988084 1.6955e-08 0.000440951
0.9382 0.014673 0.988079 1.69773e-08 0.000445081
0.939 0.014676 0.988074 1.70538e-08 0.00044774
0.9398 0.0146789 0.988069 1.70627e-08 0.000443594
0.9406 0.0146819 0.988064 1.72573e-08 0.000452728
0.9414 0.0146849 0.988059 1.71928e-08 0.000452234
0.9422 0.0146878 0.988054 1.7235e-08 0.000450253
0.943 0.0146908 0.988049 1.72158e-08 0.000457413
0.9438 0.0146937 0.988045 1.71951e-08 0.00044973
0.9446 0.0146967 0.98804 1.71687e-08 0.000450573
0.9454 0.0146996 0.988035 1.72972e-08 0.000456726
0.9462 0.0147026 0.98803 1.73505e-08 0.000457172
0.947 0.0147055 0.988025 1.72011e-08 0.000452179
0.9478 0.0147084 0.98802 1.7055e-08 0.000440562
0.9486 0.0147114 0.988015 1.71929e-08 0.000448353
0.9494 0.0147143 0.98801 1.73546e-08 0.000465226
0.9502 0.0147173 0.988006 1.74229e-08 0.000479722
0.951 0.0147202 0.988001 1.73139e-08 0.000453265
0.9518 0.0147231 0.987996 1.75904e-08 0.000474606
0.9526 0.0147261 0.987991 1.76669e-08 0.000466041
0.9534 0.014729 0.987986 1.77602e-08 0.00047326
0.9542 0.0147319 0.987981 1.7585e-08 0.000464197
0.955 0.0147349 0.987976 1.77026e-08 0.000475278
0.9558 0.0147378 0.987972 1.78339e-08 0.000477696
0.9566 0.0147408 0.987967 1.77463e-08 0.000476815
0.9574 0.0147437 0.987962 1.77155e-08 0.000475281
0.9582 0.0147466 0.987957 1.76188e-08 0.000468353
0.959 0.0147496 0.987952 1.78441e-08 0.000484689
0.9598 0.0147525 0.987947 1.76266e-08 0.000475633
0.9606 0.0147554 0.987942 1.76453e-08 0.000473052
0.9614 0.0147583 0.987938 1.78204e-08 0.000484496
0.9622 0.0147612 0.987933 1.79979e-08 0.000493923
0.963 0.0147642 0.987928 1.78725e-08 0.000478164
0.9638 0.0147671 0.987923 1.80468e-08 0.000489557
0.9646 0.01477 0.987918 1.81127e-08 0.000495071
0.9654 0.0147729 0.987914 1.80545e-08 0.000487341
0.9662 0.0147759 0.987909 1.8092e-08 0.000486961
0.967 0.0147788 0.987904 1.81028e-08 0.000504989
0.9678 0.0147817 0.987899 1.82748e-08 0.000514232
0.9686 0.0147846 0.987894 1.82485e-08 0.000505682
0.9694 0.0147876 0.98789 1.81771e-08 0.000495658
0.9702 0.0147905 0.987885 1.82636e-08 0.000501846
0.971 0.0147934 0.98788 1.83954e-08 0.000508176
0.9718 0.0147963 0.987875 1.82269e-08 0.000501723
0.9726 0.0147992 0.98787 1.83865e-08 0.000503763
0.9734 0.0148021 0.987866 1.83143e-08 0.000503386
0.9742 0.014805 0.987861 1.85129e-08 0.000521501
0.975 0.0148079 0.987856 1.85963e-08 0.000525352
0.9758 0.0148109 0.987851 1.86862e-08 0.000525724
0.9766 0.0148138 0.987846 1.87409e-08 0.000534657
0.9774 0.0148167 0.987842 1.86541e-08 0.000517372
0.9782 0.0148196 0.987837 1.86004e-08 0.000523819
0.979 0.0148225 0.987832 1.83295e-08 0.000506129
0.9798 0.0148254 0.987827 1.86231e-08 0.000518797
0.9806 0.0148283 0.987822 1.87315e-08 0.000532572
0.9814 0.0148312 0.987818 1.85828e-08 0.000511839
0.9822 0.0148341 0.987813 1.86609e-08 0.000516496
0.983 0.014837 0.987808 1.85839e-08 0.000515587
0.9838 0.0148399 0.987803 1.86489e-08 0.00053164
0.9846 0.0148428 0.987799 1.85853e-08 0.000531027
0.9854 0.0148457 0.987794 1.87643e-08 0.000547348
0.9862 0.0148486 0.987789 1.8632e-08 0.000532857
0.987 0.0148516 0.987784 1.88196e-08 0.000536361
0.9878 0.0148545 0.98778 1.90256e-08 0.000541477
0.9886 0.0148574 0.987775 1.89883e-08 0.00053446
0.9894 0.0148603 0.98777 1.89922e-08 0.000539212
0.9902 0.0148632 0.987765 1.88937e-08 0.00051109
0.991 0.0148661 0.987761 1.91543e-08 0.000531752
0.9918 0.014869 0.987756 1.90952e-08 0.000539467
0.9926 0.0148719 0.987751 1.90929e-08 0.000545222
0.9934 0.0148748 0.987746 1.8969e-08 0.000534848
0.9942 0.0148777 0.987742 1.90701e-08 0.000554987
0.995 0.0148806 0.987737 1.89106e-08 0.000549218
0.9958 0.0148835 0.987732 1.88631e-08 0.000548367
0.9966 0.0148864 0.987727 1.88762e-08 0.000545981
0.9974 0.0148892 0.987723 1.90985e-08 0.000547899
0.9982 0.0148921 0.987718 1.91879e-08 0.000544376
0.999 0.014895 0.987713 1.9237e-08 0.000543293
0.9998 0.0148979 0.987709 1.95288e-08 0.000561087
1 0.0148987 0.987707 7.37975e-10 3.65792e-05
