0.0001 0.00783962 0.999998 8.3275e-13 2.61111e-08
0.0003 0.00784226 0.999994 5.49156e-12 2.09763e-07
0.0007 0.00784753 0.999985 4.15699e-11 1.72477e-06
0.0015 0.00785809 0.999968 3.30035e-10 1.42608e-05
0.0023 0.00786865 0.999952 3.3677e-10 1.50037e-05
0.0031 0.00787921 0.999935 3.46576e-10 1.61057e-05
0.0039 0.00788977 0.999918 3.59404e-10 1.74882e-05
0.0047 0.00790033 0.999901 3.74024e-10 1.90713e-05
0.0055 0.00791088 0.999884 3.89929e-10 2.07828e-05
0.0063 0.00792144 0.999867 4.06368e-10 2.25607e-05
0.0067 0.00792672 0.999859 5.30405e-11 2.98537e-06
0.0071 0.007932 0.99985 5.41036e-11 3.09851e-06
0.0075 0.00793728 0.999842 5.51503e-11 3.21056e-06
0.0079 0.00794256 0.999833 5.62091e-11 3.32107e-06
0.0083 0.00794783 0.999825 5.72423e-11 3.42967e-06
0.0087 0.00795311 0.999816 5.82727e-11 3.5361e-06
0.0091 0.00795839 0.999808 5.93097e-11 3.64019e-06
0.0095 0.00796367 0.999799 6.03231e-11 3.74186e-06
0.0099 0.00796894 0.999791 6.13141e-11 3.84113e-06
0.0103 0.00797422 0.999782 6.2295e-11 3.93808e-06
0.0107 0.0079795 0.999774 6.32842e-11 4.03291e-06
0.0111 0.00798477 0.999765 6.42647e-11 4.12584e-06
0.0115 0.00799005 0.999757 6.52639e-11 4.21719e-06
0.0119 0.00799533 0.999748 6.62068e-11 4.30731e-06
0.0123 0.0080006 0.99974 6.71622e-11 4.39657e-06
0.0127 0.00800588 0.999731 6.812e-11 4.48539e-06
0.0131 0.00801115 0.999722 6.90851e-11 4.57417e-06
0.0135 0.00801643 0.999714 7.00941e-11 4.66331e-06
0.0139 0.0080217 0.999705 7.1143e-11 4.75318e-06
0.0143 0.00802698 0.999697 7.22425e-11 4.84414e-06
0.0147 0.00803225 0.999688 7.33926e-11 4.93649e-06
0.0151 0.00803752 0.99968 7.44939e-11 5.03051e-06
0.0155 0.0080428 0.999671 7.56276e-11 5.12639e-06
0.0159 0.00804807 0.999663 7.68812e-11 5.22434e-06
0.0163 0.00805334 0.999654 7.81785e-11 5.32446e-06
0.0167 0.00805861 0.999646 7.94934e-11 5.42687e-06
0.0171 0.00806388 0.999637 8.07605e-11 5.53162e-06
0.0175 0.00806915 0.999628 8.21423e-11 5.63876e-06
0.0179 0.00807442 0.99962 8.3488e-11 5.74832e-06
0.0183 0.00807969 0.999611 8.49163e-11 5.86031e-06
0.0187 0.00808496 0.999603 8.63754e-11 5.97477e-06
0.0191 0.00809023 0.999594 8.7847e-11 6.09171e-06
0.0195 0.00809549 0.999586 8.93794e-11 6.21118e-06
0.0199 0.00810076 0.999577 9.09415e-11 6.33321e-06
0.0203 0.00810603 0.999568 9.26411e-11 6.45785e-06
0.0207 0.00811129 0.99956 9.42955e-11 6.58518e-06
0.0211 0.00811656 0.999551 9.59201e-11 6.71525e-06
0.0215 0.00812182 0.999543 9.75709e-11 6.84813e-06
0.0219 0.00812709 0.999534 9.92351e-11 6.98387e-06
0.0223 0.00813235 0.999526 1.00977e-10 7.12252e-06
0.0227 0.00813761 0.999517 1.02793e-10 7.26412e-06
0.0231 0.00814287 0.999508 1.04523e-10 7.40865e-06
0.0235 0.00814814 0.9995 1.06305e-10 7.55612e-06
0.0239 0.0081534 0.999491 1.08099e-10 7.70646e-06
0.0243 0.00815866 0.999483 1.09966e-10 7.85961e-06
0.0247 0.00816391 0.999474 1.11813e-10 8.01546e-06
0.0251 0.00816917 0.999465 1.13566e-10 8.17389e-06
0.0255 0.00817443 0.999457 1.15489e-10 8.33474e-06
0.0259 0.00817969 0.999448 1.17408e-10 8.49787e-06
0.0263 0.00818494 0.99944 1.19343e-10 8.66308e-06
0.0267 0.0081902 0.999431 1.2122e-10 8.8302e-06
0.0271 0.00819545 0.999422 1.23114e-10 8.99904e-06
0.0275 0.0082007 0.999414 1.25095e-10 9.16944e-06
0.0279 0.00820596 0.999405 1.26928e-10 9.34123e-06
0.0283 0.00821121 0.999396 1.28755e-10 9.51427e-06
0.0287 0.00821646 0.999388 1.30704e-10 9.68842e-06
0.0291 0.00822171 0.999379 1.3284e-10 9.86358e-06
0.0295 0.00822696 0.999371 1.34933e-10 1.00397e-05
0.0299 0.0082322 0.999362 1.36821e-10 1.02166e-05
0.0303 0.00823745 0.999353 1.38627e-10 1.03944e-05
0.0307 0.0082427 0.999345 1.40497e-10 1.05729e-05
0.0311 0.00824794 0.999336 1.42448e-10 1.07522e-05
0.0315 0.00825319 0.999327 1.44537e-10 1.09323e-05
0.0319 0.00825843 0.999319 1.46826e-10 1.11132e-05
0.0323 0.00826367 0.99931 1.49029e-10 1.12948e-05
0.0327 0.00826891 0.999301 1.51166e-10 1.14772e-05
0.0331 0.00827415 0.999293 1.53175e-10 1.16604e-05
0.0335 0.00827939 0.999284 1.5513e-10 1.18444e-05
0.0339 0.00828463 0.999275 1.57067e-10 1.2029e-05
0.0343 0.00828987 0.999267 1.59125e-10 1.22144e-05
0.0347 0.0082951 0.999258 1.61437e-10 1.24004e-05
0.0351 0.00830034 0.99925 1.63794e-10 1.25869e-05
0.0355 0.00830557 0.999241 1.66096e-10 1.2774e-05
0.0359 0.0083108 0.999232 1.68242e-10 1.29616e-05
0.0363 0.00831603 0.999224 1.70336e-10 1.31496e-05
0.0367 0.00832127 0.999215 1.72268e-10 1.33379e-05
0.0371 0.00832649 0.999206 1.74449e-10 1.35265e-05
0.0375 0.00833172 0.999198 1.76718e-10 1.37154e-05
0.0379 0.00833695 0.999189 1.78986e-10 1.39046e-05
0.0383 0.00834217 0.99918 1.81336e-10 1.4094e-05
0.0387 0.0083474 0.999172 1.83689e-10 1.42837e-05
0.0391 0.00835262 0.999163 1.85926e-10 1.44738e-05
0.0395 0.00835784 0.999154 1.88209e-10 1.46643e-05
0.0399 0.00836307 0.999146 1.90426e-10 1.48552e-05
0.0403 0.00836829 0.999137 1.9259e-10 1.50467e-05
0.0407 0.0083735 0.999128 1.94807e-10 1.52388e-05
0.0411 0.00837872 0.99912 1.97199e-10 1.54316e-05
0.0415 0.00838394 0.999111 1.99385e-10 1.56251e-05
0.0419 0.00838915 0.999102 2.01626e-10 1.58194e-05
0.0423 0.00839436 0.999094 2.0413e-10 1.60145e-05
0.0427 0.00839958 0.999085 2.06622e-10 1.62104e-05
0.0431 0.00840479 0.999076 2.08969e-10 1.64071e-05
0.0435 0.00841 0.999068 2.11221e-10 1.66047e-05
0.0439 0.0084152 0.999059 2.1354e-10 1.68029e-05
0.0443 0.00842041 0.99905 2.15884e-10 1.70017e-05
0.0447 0.00842562 0.999041 2.18207e-10 1.7201e-05
0.0451 0.00843082 0.999033 2.20504e-10 1.74007e-05
0.0455 0.00843602 0.999024 2.22871e-10 1.76007e-05
0.0459 0.00844122 0.999015 2.25236e-10 1.78008e-05
0.0463 0.00844642 0.999007 2.27578e-10 1.80009e-05
0.0467 0.00845162 0.998998 2.2993e-10 1.82008e-05
0.0471 0.00845682 0.998989 2.32457e-10 1.84005e-05
0.0475 0.00846201 0.998981 2.34778e-10 1.85999e-05
0.0479 0.00846721 0.998972 2.37254e-10 1.87989e-05
0.0483 0.0084724 0.998963 2.39817e-10 1.89974e-05
0.0487 0.00847759 0.998955 2.4225e-10 1.91954e-05
0.0491 0.00848278 0.998946 2.44642e-10 1.9393e-05
0.0495 0.00848797 0.998937 2.47001e-10 1.95902e-05
0.0499 0.00849316 0.998929 2.4922e-10 1.97871e-05
0.0503 0.00849834 0.99892 2.51315e-10 1.99838e-05
0.0507 0.00850353 0.998911 2.53556e-10 2.01803e-05
0.0511 0.00850871 0.998903 2.55932e-10 2.03768e-05
0.0515 0.00851389 0.998894 2.58486e-10 2.05734e-05
0.0519 0.00851907 0.998885 2.61103e-10 2.07702e-05
0.0523 0.00852424 0.998876 2.63672e-10 2.09673e-05
0.0527 0.00852942 0.998868 2.66149e-10 2.11647e-05
0.0531 0.00853459 0.998859 2.68675e-10 2.13626e-05
0.0535 0.00853977 0.99885 2.71171e-10 2.15608e-05
0.0539 0.00854494 0.998842 2.73473e-10 2.17594e-05
0.0543 0.00855011 0.998833 2.75665e-10 2.19582e-05
0.0547 0.00855528 0.998824 2.77721e-10 2.21572e-05
0.0551 0.00856044 0.998816 2.80046e-10 2.23562e-05
0.0555 0.00856561 0.998807 2.82534e-10 2.2555e-05
0.0559 0.00857077 0.998798 2.85139e-10 2.27534e-05
0.0563 0.00857593 0.99879 2.87754e-10 2.29511e-05
0.0567 0.00858109 0.998781 2.90745e-10 2.3148e-05
0.0571 0.00858625 0.998772 2.93593e-10 2.33438e-05
0.0575 0.0085914 0.998764 2.96062e-10 2.35383e-05
0.0579 0.00859656 0.998755 2.9858e-10 2.37314e-05
0.0583 0.00860171 0.998746 3.01064e-10 2.3923e-05
0.0587 0.00860686 0.998737 3.03154e-10 2.41129e-05
0.0591 0.00861201 0.998729 3.05219e-10 2.43012e-05
0.0595 0.00861716 0.99872 3.07265e-10 2.44879e-05
0.0599 0.00862231 0.998711 3.09359e-10 2.46731e-05
0.0603 0.00862745 0.998703 3.11838e-10 2.4857e-05
0.0607 0.00863259 0.998694 3.14782e-10 2.50398e-05
0.0611 0.00863773 0.998685 3.1751e-10 2.52218e-05
0.0615 0.00864287 0.998677 3.20244e-10 2.54033e-05
0.0619 0.00864801 0.998668 3.2306e-10 2.55845e-05
0.0623 0.00865314 0.998659 3.25673e-10 2.57659e-05
0.0627 0.00865828 0.998651 3.28247e-10 2.59477e-05
0.0631 0.00866341 0.998642 3.30533e-10 2.61302e-05
0.0635 0.00866854 0.998633 3.32605e-10 2.63137e-05
0.0639 0.00867367 0.998625 3.3447e-10 2.64984e-05
0.0643 0.00867879 0.998616 3.36284e-10 2.66843e-05
0.0647 0.00868392 0.998607 3.38269e-10 2.68716e-05
0.0651 0.00868904 0.998598 3.40215e-10 2.70601e-05
0.0655 0.00869416 0.99859 3.42597e-10 2.72498e-05
0.0659 0.00869928 0.998581 3.45444e-10 2.74405e-05
0.0663 0.0087044 0.998572 3.48169e-10 2.76319e-05
0.0667 0.00870951 0.998564 3.51265e-10 2.78237e-05
0.0671 0.00871462 0.998555 3.54288e-10 2.80153e-05
0.0675 0.00871973 0.998546 3.57124e-10 2.82065e-05
0.0679 0.00872484 0.998538 3.59731e-10 2.83966e-05
0.0683 0.00872995 0.998529 3.62304e-10 2.85852e-05
0.0687 0.00873506 0.99852 3.64465e-10 2.87719e-05
0.0691 0.00874016 0.998512 3.66467e-10 2.89561e-05
0.0695 0.00874526 0.998503 3.68262e-10 2.91375e-05
0.0699 0.00875036 0.998494 3.70513e-10 2.93157e-05
0.0703 0.00875546 0.998486 3.72753e-10 2.94905e-05
0.0707 0.00876055 0.998477 3.7512e-10 2.96617e-05
0.0709 0.0087631 0.998473 4.88113e-11 3.75877e-06
0.0711 0.00876565 0.998468 4.89684e-11 3.76923e-06
0.0713 0.00876819 0.998464 4.91483e-11 3.77958e-06
0.0715 0.00877074 0.99846 4.93249e-11 3.78981e-06
0.0717 0.00877328 0.998455 4.94818e-11 3.79994e-06
0.0719 0.00877583 0.998451 4.9645e-11 3.80995e-06
0.0721 0.00877837 0.998447 4.9827e-11 3.81987e-06
0.0723 0.00878091 0.998442 4.99951e-11 3.82969e-06
0.0725 0.00878346 0.998438 5.01581e-11 3.83943e-06
0.0727 0.008786 0.998434 5.03126e-11 3.84909e-06
0.0729 0.00878854 0.998429 5.04636e-11 3.85869e-06
0.0731 0.00879108 0.998425 5.06524e-11 3.86823e-06
0.0733 0.00879362 0.998421 5.08166e-11 3.87772e-06
0.0735 0.00879616 0.998416 5.09584e-11 3.88718e-06
0.0737 0.0087987 0.998412 5.11189e-11 3.89661e-06
0.0739 0.00880124 0.998408 5.12578e-11 3.90603e-06
0.0741 0.00880378 0.998403 5.14032e-11 3.91544e-06
0.0743 0.00880632 0.998399 5.15545e-11 3.92487e-06
0.0745 0.00880886 0.998395 5.16812e-11 3.93431e-06
0.0747 0.0088114 0.99839 5.18025e-11 3.94379e-06
0.0749 0.00881393 0.998386 5.19208e-11 3.95331e-06
0.0751 0.00881647 0.998382 5.20525e-11 3.96289e-06
0.0753 0.008819 0.998377 5.21899e-11 3.97253e-06
0.0755 0.00882154 0.998373 5.23002e-11 3.98225e-06
0.0757 0.00882407 0.998369 5.24853e-11 3.99204e-06
0.0759 0.00882661 0.998364 5.26137e-11 4.00193e-06
0.0761 0.00882914 0.99836 5.27632e-11 4.01191e-06
0.0763 0.00883168 0.998356 5.28751e-11 4.02199e-06
0.0765 0.00883421 0.998351 5.29838e-11 4.03219e-06
0.0767 0.00883674 0.998347 5.30895e-11 4.04249e-06
0.0769 0.00883927 0.998343 5.3218e-11 4.0529e-06
0.0771 0.0088418 0.998338 5.33557e-11 4.06343e-06
0.0773 0.00884433 0.998334 5.35141e-11 4.07408e-06
0.0775 0.00884686 0.99833 5.36612e-11 4.08483e-06
0.0777 0.00884939 0.998325 5.37982e-11 4.09569e-06
0.0779 0.00885192 0.998321 5.39735e-11 4.10666e-06
0.0781 0.00885445 0.998317 5.41288e-11 4.11773e-06
0.0783 0.00885698 0.998312 5.42814e-11 4.12889e-06
0.0785 0.0088595 0.998308 5.44571e-11 4.14014e-06
0.0787 0.00886203 0.998304 5.46089e-11 4.15146e-06
0.0789 0.00886456 0.998299 5.47594e-11 4.16284e-06
0.0791 0.00886708 0.998295 5.49196e-11 4.17428e-06
0.0793 0.00886961 0.998291 5.50835e-11 4.18576e-06
0.0795 0.00887213 0.998286 5.52541e-11 4.19726e-06
0.0797 0.00887466 0.998282 5.5421e-11 4.20879e-06
0.0799 0.00887718 0.998278 5.55775e-11 4.22031e-06
0.0801 0.0088797 0.998273 5.57475e-11 4.23181e-06
0.0803 0.00888223 0.998269 5.59094e-11 4.24328e-06
0.0805 0.00888475 0.998265 5.60591e-11 4.25471e-06
0.0807 0.00888727 0.99826 5.62044e-11 4.26608e-06
0.0809 0.00888979 0.998256 5.63491e-11 4.27736e-06
0.0811 0.00889231 0.998252 5.65086e-11 4.28856e-06
0.0813 0.00889483 0.998248 5.6662e-11 4.29964e-06
0.0815 0.00889735 0.998243 5.68184e-11 4.3106e-06
0.0817 0.00889987 0.998239 5.69736e-11 4.32143e-06
0.0819 0.00890239 0.998235 5.71532e-11 4.33211e-06
0.0821 0.0089049 0.99823 5.73546e-11 4.34262e-06
0.0823 0.00890742 0.998226 5.74916e-11 4.35296e-06
0.0825 0.00890994 0.998222 5.76507e-11 4.36312e-06
0.0827 0.00891245 0.998217 5.77716e-11 4.37308e-06
0.0829 0.00891497 0.998213 5.79135e-11 4.38284e-06
0.0831 0.00891748 0.998209 5.80544e-11 4.3924e-06
0.0833 0.00892 0.998204 5.82152e-11 4.40174e-06
0.0835 0.00892251 0.9982 5.83558e-11 4.41087e-06
0.0837 0.00892502 0.998196 5.84815e-11 4.41978e-06
0.0839 0.00892754 0.998191 5.86577e-11 4.42848e-06
0.0841 0.00893005 0.998187 5.87896e-11 4.43696e-06
0.0843 0.00893256 0.998183 5.89248e-11 4.44523e-06
0.0845 0.00893507 0.998178 5.90592e-11 4.4533e-06
0.0847 0.00893758 0.998174 5.92243e-11 4.46116e-06
0.0849 0.00894009 0.99817 5.94166e-11 4.46884e-06
0.0851 0.0089426 0.998165 5.95636e-11 4.47633e-06
0.0853 0.00894511 0.998161 5.96822e-11 4.48366e-06
0.0855 0.00894762 0.998157 5.98347e-11 4.49082e-06
0.0857 0.00895012 0.998153 5.9978e-11 4.49785e-06
0.0859 0.00895263 0.998148 6.01157e-11 4.50475e-06
0.0861 0.00895514 0.998144 6.02746e-11 4.51154e-06
0.0863 0.00895764 0.99814 6.04181e-11 4.51824e-06
0.0865 0.00896015 0.998135 6.05778e-11 4.52487e-06
0.0867 0.00896265 0.998131 6.0744e-11 4.53145e-06
0.0869 0.00896516 0.998127 6.08776e-11 4.53799e-06
0.0871 0.00896766 0.998122 6.09628e-11 4.54452e-06
0.0873 0.00897016 0.998118 6.11124e-11 4.55106e-06
0.0875 0.00897266 0.998114 6.12184e-11 4.55762e-06
0.0877 0.00897517 0.998109 6.13417e-11 4.56424e-06
0.0879 0.00897767 0.998105 6.14566e-11 4.57093e-06
0.0881 0.00898017 0.998101 6.158e-11 4.57772e-06
0.0883 0.00898267 0.998097 6.17345e-11 4.58461e-06
0.0885 0.00898517 0.998092 6.19021e-11 4.59163e-06
0.0887 0.00898767 0.998088 6.20126e-11 4.5988e-06
0.0889 0.00899016 0.998084 6.22109e-11 4.60614e-06
0.0891 0.00899266 0.998079 6.23089e-11 4.61366e-06
0.0893 0.00899516 0.998075 6.23733e-11 4.62137e-06
0.0895 0.00899766 0.998071 6.25015e-11 4.62928e-06
0.0897 0.00900015 0.998066 6.26304e-11 4.63742e-06
0.0899 0.00900265 0.998062 6.27508e-11 4.64578e-06
0.0901 0.00900514 0.998058 6.28747e-11 4.65437e-06
0.0903 0.00900764 0.998053 6.30097e-11 4.6632e-06
0.0905 0.00901013 0.998049 6.31238e-11 4.67227e-06
0.0907 0.00901262 0.998045 6.32852e-11 4.68158e-06
0.0909 0.00901511 0.998041 6.33857e-11 4.69113e-06
0.0911 0.00901761 0.998036 6.35936e-11 4.70092e-06
0.0913 0.0090201 0.998032 6.37395e-11 4.71094e-06
0.0915 0.00902259 0.998028 6.38749e-11 4.72118e-06
0.0917 0.00902508 0.998023 6.40344e-11 4.73163e-06
0.0919 0.00902757 0.998019 6.41737e-11 4.74229e-06
0.0921 0.00903006 0.998015 6.42941e-11 4.75312e-06
0.0923 0.00903254 0.998011 6.44648e-11 4.76413e-06
0.0925 0.00903503 0.998006 6.46705e-11 4.77529e-06
0.0927 0.00903752 0.998002 6.48415e-11 4.78659e-06
0.0929 0.00904001 0.997998 6.50088e-11 4.79799e-06
0.0931 0.00904249 0.997993 6.51748e-11 4.80948e-06
0.0933 0.00904498 0.997989 6.53388e-11 4.82104e-06
0.0935 0.00904746 0.997985 6.54749e-11 4.83265e-06
0.0937 0.00904995 0.99798 6.56612e-11 4.84427e-06
0.0939 0.00905243 0.997976 6.57996e-11 4.85588e-06
0.0941 0.00905491 0.997972 6.59271e-11 4.86745e-06
0.0943 0.00905739 0.997968 6.60738e-11 4.87896e-06
0.0945 0.00905988 0.997963 6.61825e-11 4.89039e-06
0.0947 0.00906236 0.997959 6.63234e-11 4.90169e-06
0.0949 0.00906484 0.997955 6.64152e-11 4.91286e-06
0.0951 0.00906732 0.99795 6.65549e-11 4.92386e-06
0.0953 0.0090698 0.997946 6.67287e-11 4.93467e-06
0.0955 0.00907227 0.997942 6.68647e-11 4.94526e-06
0.0957 0.00907475 0.997938 6.69848e-11 4.95561e-06
0.0959 0.00907723 0.997933 6.71075e-11 4.9657e-06
0.0961 0.00907971 0.997929 6.72942e-11 4.97552e-06
0.0963 0.00908218 0.997925 6.74312e-11 4.98503e-06
0.0965 0.00908466 0.99792 6.7607e-11 4.99422e-06
0.0967 0.00908713 0.997916 6.77208e-11 5.00309e-06
0.0969 0.00908961 0.997912 6.79426e-11 5.01161e-06
0.0971 0.00909208 0.997908 6.80597e-11 5.01977e-06
0.0973 0.00909456 0.997903 6.81773e-11 5.02757e-06
0.0975 0.00909703 0.997899 6.83271e-11 5.035e-06
0.0977 0.0090995 0.997895 6.85059e-11 5.04205e-06
0.0979 0.00910197 0.99789 6.86694e-11 5.04873e-06
0.0981 0.00910444 0.997886 6.87991e-11 5.05502e-06
0.0983 0.00910691 0.997882 6.8935e-11 5.06094e-06
0.0985 0.00910938 0.997878 6.905e-11 5.0665e-06
0.0987 0.00911185 0.997873 6.92065e-11 5.07169e-06
0.0989 0.00911432 0.997869 6.93693e-11 5.07652e-06
0.0991 0.00911679 0.997865 6.95042e-11 5.08102e-06
0.0993 0.00911925 0.99786 6.95974e-11 5.08519e-06
0.0995 0.00912172 0.997856 6.97324e-11 5.08905e-06
0.0997 0.00912418 0.997852 6.98357e-11 5.09263e-06
0.1 0.00912788 0.997845 2.30243e-10 1.71149e-05
