0.0001 0.00783962 0.999998 8.3275e-13 2.61111e-08
0.0003 0.00784226 0.999994 5.49156e-12 2.09763e-07
0.0007 0.00784753 0.999985 4.15699e-11 1.72477e-06
0.0015 0.00785809 0.999968 3.30035e-10 1.42608e-05
0.0031 0.00787921 0.999935 2.69362e-09 0.000123035
0.0063 0.00792144 0.999867 2.32278e-08 0.00118392
0.0127 0.00800591 0.999731 2.06339e-07 0.011675
0.0255 0.00817465 0.999457 1.66226e-06 0.0883333
0.0319 0.00825866 0.999319 4.13125e-07 0.027793
0.0383 0.00834242 0.99918 4.84362e-07 0.0316502
0.0447 0.00842587 0.999041 5.62244e-07 0.0367318
0.0511 0.00850897 0.998903 6.4302e-07 0.0423729
0.0575 0.00859168 0.998764 7.17417e-07 0.0467696
0.0639 0.00867396 0.998624 7.86893e-07 0.050753
0.0703 0.00875577 0.998486 8.51236e-07 0.0538848
0.0767 0.00883708 0.998347 9.1231e-07 0.0566271
0.0831 0.00891787 0.998209 9.62839e-07 0.058606
0.0895 0.0089981 0.998071 1.0143e-06 0.0604623
0.0959 0.00907773 0.997933 1.06105e-06 0.0618233
0.1023 0.00915676 0.997796 1.10658e-06 0.0636094
0.1087 0.00923515 0.99766 1.15252e-06 0.06392
0.1151 0.00931289 0.997524 1.20426e-06 0.0653568
0.1215 0.00938993 0.99739 1.24313e-06 0.0657996
0.1279 0.00946629 0.997256 1.29403e-06 0.0665081
0.1343 0.00954194 0.997123 1.33937e-06 0.067154
0.1407 0.00961685 0.99699 1.39897e-06 0.0677875
0.1471 0.00969102 0.996859 1.43864e-06 0.0679381
0.1535 0.00976446 0.996729 1.48908e-06 0.0682123
0.1599 0.00983712 0.9966 1.54583e-06 0.0686321
0.1663 0.00990903 0.996472 1.60168e-06 0.0692552
0.1727 0.00998015 0.996345 1.65322e-06 0.0692957
0.1791 0.0100505 0.996219 1.70916e-06 0.0695323
0.1855 0.0101201 0.996095 1.77335e-06 0.0703043
0.1919 0.0101889 0.995971 1.82982e-06 0.0704491
0.1983 0.0102568 0.995849 1.90115e-06 0.0712112
0.2047 0.0103241 0.995728 1.95872e-06 0.071394
0.2079 0.0103574 0.995668 3.81693e-07 0.0180316
0.2111 0.0103905 0.995609 3.82047e-07 0.0175929
0.2143 0.0104234 0.995549 3.81968e-07 0.0170524
0.2175 0.0104561 0.99549 3.8352e-07 0.0167237
0.2207 0.0104886 0.995432 3.90355e-07 0.0168347
0.2239 0.0105209 0.995373 3.97479e-07 0.0170041
0.2271 0.010553 0.995315 4.01839e-07 0.0170243
0.2303 0.0105849 0.995258 4.08141e-07 0.0170114
0.2335 0.0106166 0.9952 4.14576e-07 0.0169842
0.2367 0.0106481 0.995143 4.21565e-07 0.017061
0.2399 0.0106794 0.995086 4.27688e-07 0.0171667
0.2431 0.0107105 0.99503 4.31542e-07 0.0170806
0.2463 0.0107414 0.994974 4.37006e-07 0.0170825
0.2495 0.0107722 0.994918 4.42427e-07 0.0169861
0.2527 0.0108027 0.994863 4.48779e-07 0.0170774
0.2559 0.010833 0.994808 4.5155e-07 0.0170595
0.2591 0.0108632 0.994753 4.57438e-07 0.01711
0.2623 0.0108932 0.994698 4.64478e-07 0.0170996
0.2655 0.0109229 0.994644 4.71594e-07 0.0171356
0.2687 0.0109525 0.99459 4.77606e-07 0.0170898
0.2719 0.0109819 0.994537 4.83021e-07 0.0170727
0.2751 0.0110111 0.994484 4.89554e-07 0.017168
0.2783 0.0110402 0.994431 4.95593e-07 0.017161
0.2815 0.011069 0.994378 5.0275e-07 0.0172466
0.2847 0.0110977 0.994326 5.10391e-07 0.017356
0.2879 0.0111261 0.994274 5.16516e-07 0.0173358
0.2911 0.0111544 0.994223 5.23671e-07 0.0173645
0.2943 0.0111825 0.994171 5.30553e-07 0.0173411
0.2975 0.0112104 0.99412 5.37891e-07 0.0174196
0.3007 0.0112382 0.99407 5.47076e-07 0.0175248
0.3039 0.0112657 0.99402 5.55534e-07 0.0176193
0.3071 0.0112931 0.99397 5.63575e-07 0.0176964
0.3103 0.0113203 0.99392 5.69998e-07 0.0178031
0.3135 0.0113474 0.99387 5.75197e-07 0.0177544
0.3167 0.0113742 0.993821 5.85861e-07 0.0178155
0.3199 0.0114009 0.993773 5.92745e-07 0.0178448
0.3231 0.0114274 0.993724 6.04332e-07 0.0179574
0.3263 0.0114538 0.993676 6.1137e-07 0.0180525
0.3295 0.0114799 0.993628 6.21086e-07 0.0181951
0.3327 0.0115059 0.993581 6.30545e-07 0.0183413
0.3359 0.0115318 0.993533 6.3691e-07 0.0183444
0.3391 0.0115575 0.993486 6.47128e-07 0.0184543
0.3423 0.011583 0.99344 6.54689e-07 0.018451
0.3455 0.0116083 0.993393 6.65e-07 0.0185005
0.3487 0.0116335 0.993347 6.74158e-07 0.018598
0.3519 0.0116586 0.993301 6.829e-07 0.0187029
0.3551 0.0116834 0.993256 6.92946e-07 0.0188599
0.3583 0.0117081 0.993211 7.03033e-07 0.0189952
0.3615 0.0117326 0.993166 7.1057e-07 0.0190478
0.3647 0.011757 0.993121 7.20584e-07 0.0191003
0.3679 0.0117813 0.993077 7.28756e-07 0.0191475
0.3711 0.0118053 0.993033 7.38203e-07 0.0191957
0.3743 0.0118293 0.992989 7.46235e-07 0.0192504
0.3775 0.0118531 0.992945 7.54479e-07 0.0193998
0.3807 0.0118767 0.992902 7.64435e-07 0.0194945
0.3839 0.0119001 0.992859 7.73069e-07 0.0195689
0.3871 0.0119235 0.992816 7.82502e-07 0.0196745
0.3903 0.0119466 0.992774 7.8985e-07 0.0197517
0.3935 0.0119697 0.992732 7.99295e-07 0.0198774
0.3967 0.0119926 0.99269 8.0839e-07 0.0199763
0.3999 0.0120154 0.992648 8.16057e-07 0.0200747
0.4031 0.012038 0.992607 8.26331e-07 0.0201566
0.4063 0.0120604 0.992565 8.33814e-07 0.0202686
0.4095 0.0120827 0.992525 8.41348e-07 0.0203395
0.4127 0.0121049 0.992484 8.50787e-07 0.0204808
0.4159 0.012127 0.992444 8.59504e-07 0.0205964
0.4191 0.012149 0.992403 8.69835e-07 0.0207059
0.4223 0.0121708 0.992364 8.77885e-07 0.0209119
0.4255 0.0121924 0.992324 8.87652e-07 0.0209865
0.4287 0.012214 0.992284 8.96382e-07 0.0210935
0.4319 0.0122353 0.992245 9.05575e-07 0.0212217
0.4351 0.0122566 0.992206 9.12768e-07 0.0213153
0.4383 0.0122778 0.992168 9.21544e-07 0.0214584
0.4415 0.0122988 0.992129 9.32479e-07 0.0215774
0.4447 0.0123197 0.992091 9.41752e-07 0.0217761
0.4479 0.0123405 0.992053 9.50365e-07 0.0218945
0.4511 0.0123612 0.992015 9.64279e-07 0.0220819
0.4543 0.0123817 0.991978 9.70285e-07 0.0221939
0.4575 0.0124021 0.991941 9.77138e-07 0.0222616
0.4607 0.0124224 0.991903 9.8848e-07 0.0223579
0.4639 0.0124426 0.991867 9.96661e-07 0.0224941
0.4671 0.0124627 0.99183 1.00648e-06 0.022645
0.4703 0.0124827 0.991794 1.01779e-06 0.0228056
0.4735 0.0125026 0.991757 1.02649e-06 0.0228588
0.4767 0.0125224 0.991721 1.03489e-06 0.0230226
0.4799 0.012542 0.991686 1.04584e-06 0.0231204
0.4831 0.0125615 0.99165 1.05584e-06 0.0231999
0.4863 0.0125809 0.991615 1.06573e-06 0.0233441
0.4895 0.0126003 0.99158 1.07509e-06 0.0235831
0.4927 0.0126195 0.991545 1.08186e-06 0.0235549
0.4959 0.0126387 0.99151 1.0966e-06 0.023782
0.4991 0.0126577 0.991475 1.10119e-06 0.0237372
0.5 0.012663 0.991466 3.76214e-08 0.00105398
0.5018 0.012674 0.991447 3.52861e-08 0.00070329
0.5054 0.0126957 0.991409 2.54269e-07 0.00393688
0.5126 0.0127388 0.991334 1.89268e-06 0.0272695
0.5198 0.0127813 0.99126 1.94123e-06 0.0284982
0.527 0.0128234 0.991187 1.99619e-06 0.0296859
0.5342 0.0128651 0.991115 2.04642e-06 0.0312206
0.5414 0.0129062 0.991044 2.11366e-06 0.0331456
0.5486 0.0129468 0.990974 2.17375e-06 0.035735
0.5558 0.012987 0.990905 2.2383e-06 0.0373704
0.563 0.0130268 0.990836 2.30302e-06 0.0394597
0.5702 0.0130661 0.990768 2.36225e-06 0.0411523
0.5774 0.013105 0.990702 2.42262e-06 0.0424591
0.5846 0.0131435 0.990636 2.47031e-06 0.0437771
0.5882 0.0131626 0.990603 3.8816e-07 0.00969612
0.5918 0.0131816 0.990571 3.91632e-07 0.00963533
0.5954 0.0132005 0.990538 3.88778e-07 0.00938778
0.599 0.0132193 0.990506 3.96912e-07 0.00969421
0.6026 0.013238 0.990474 4.03853e-07 0.0100075
0.6062 0.0132566 0.990443 4.09831e-07 0.0101445
0.6098 0.013275 0.990411 4.12144e-07 0.0100424
0.6134 0.0132935 0.99038 4.1984e-07 0.0103963
0.617 0.0133118 0.990349 4.24481e-07 0.0104626
0.6206 0.0133301 0.990318 4.28797e-07 0.0104152
0.6242 0.0133482 0.990287 4.34268e-07 0.0103348
0.6278 0.0133663 0.990257 4.41175e-07 0.0106237
0.6314 0.0133843 0.990226 4.4449e-07 0.0107195
0.635 0.0134022 0.990196 4.51679e-07 0.0106758
0.6386 0.0134201 0.990166 4.58798e-07 0.0107013
0.6422 0.0134378 0.990136 4.59058e-07 0.0106358
0.6458 0.0134554 0.990107 4.67996e-07 0.0107258
0.6494 0.013473 0.990077 4.74483e-07 0.0108265
0.653 0.0134905 0.990048 4.78772e-07 0.0108656
0.6566 0.0135079 0.990019 4.84921e-07 0.0108524
0.6602 0.0135252 0.98999 4.90298e-07 0.010882
0.6638 0.0135424 0.989961 4.97395e-07 0.0108995
0.6674 0.0135596 0.989932 5.01654e-07 0.0108605
0.671 0.0135766 0.989903 5.0814e-07 0.0108225
0.6746 0.0135936 0.989875 5.15346e-07 0.0110437
0.6782 0.0136105 0.989847 5.22269e-07 0.0110782
0.6818 0.0136273 0.989819 5.2798e-07 0.0110681
0.6854 0.0136441 0.989791 5.37134e-07 0.0111021
0.689 0.0136608 0.989763 5.39742e-07 0.0110278
0.6926 0.0136774 0.989735 5.4826e-07 0.0110509
0.6962 0.0136939 0.989708 5.57369e-07 0.0111516
0.6998 0.0137104 0.98968 5.64117e-07 0.0112999
0.7034 0.0137267 0.989653 5.69292e-07 0.0112809
0.707 0.013743 0.989626 5.77139e-07 0.0112705
0.7106 0.0137593 0.989599 5.84042e-07 0.0113037
0.7142 0.0137755 0.989572 5.90427e-07 0.0113588
0.7178 0.0137915 0.989545 5.98143e-07 0.0113592
0.7214 0.0138076 0.989519 6.06495e-07 0.011485
0.725 0.0138235 0.989492 6.12607e-07 0.0114922
0.7286 0.0138394 0.989466 6.20043e-07 0.0115297
0.7322 0.0138553 0.989439 6.27797e-07 0.0116344
0.7358 0.0138711 0.989413 6.32543e-07 0.011671
0.7394 0.0138867 0.989387 6.38743e-07 0.0116993
0.743 0.0139024 0.989361 6.45696e-07 0.0117354
0.7466 0.013918 0.989335 6.52596e-07 0.0118224
0.7502 0.0139335 0.98931 6.55945e-07 0.0118308
0.7538 0.0139489 0.989284 6.63764e-07 0.0118697
0.7574 0.0139643 0.989258 6.69814e-07 0.0119786
0.761 0.0139797 0.989233 6.7467e-07 0.0119896
0.7646 0.0139949 0.989208 6.7992e-07 0.0119937
0.7682 0.0140102 0.989182 6.88093e-07 0.012146
0.7718 0.0140253 0.989157 6.91626e-07 0.0121806
0.7754 0.0140404 0.989132 6.99504e-07 0.0122515
0.779 0.0140555 0.989107 7.05079e-07 0.0123324
0.7826 0.0140705 0.989082 7.09333e-07 0.0123598
0.7862 0.0140854 0.989057 7.12856e-07 0.0123636
0.7898 0.0141003 0.989033 7.19885e-07 0.0124739
0.7934 0.0141152 0.989008 7.2381e-07 0.0125451
0.797 0.01413 0.988983 7.29675e-07 0.0125999
0.8006 0.0141447 0.988959 7.3592e-07 0.0125955
0.8042 0.0141594 0.988934 7.44917e-07 0.0127348
0.8078 0.0141741 0.98891 7.46259e-07 0.0127432
0.8114 0.0141886 0.988886 7.55284e-07 0.0128103
0.815 0.0142032 0.988862 7.63968e-07 0.0129267
0.8186 0.0142177 0.988837 7.67001e-07 0.0129336
0.8222 0.0142321 0.988813 7.72597e-07 0.0129433
0.8258 0.0142465 0.988789 7.82005e-07 0.0130612
0.8294 0.0142609 0.988765 7.89975e-07 0.0131315
0.833 0.0142752 0.988742 7.94022e-07 0.0132065
0.8366 0.0142895 0.988718 8.03432e-07 0.013267
0.8402 0.0143038 0.988694 8.09978e-07 0.0133585
0.8438 0.0143179 0.988671 8.1587e-07 0.0134007
0.8474 0.0143321 0.988647 8.24858e-07 0.0134809
0.851 0.0143462 0.988623 8.32874e-07 0.0136017
0.8546 0.0143603 0.9886 8.37582e-07 0.0136724
0.8582 0.0143743 0.988577 8.4768e-07 0.0137588
0.8618 0.0143883 0.988553 8.56795e-07 0.01391
0.8654 0.0144023 0.98853 8.63678e-07 0.0139866
0.869 0.0144162 0.988507 8.71691e-07 0.0140929
0.8726 0.0144301 0.988484 8.84723e-07 0.0142154
0.8762 0.014444 0.988461 8.89071e-07 0.0143448
0.8798 0.0144577 0.988438 8.96227e-07 0.0144462
0.8834 0.0144715 0.988415 9.07822e-07 0.0145804
0.887 0.0144853 0.988392 9.10675e-07 0.0147141
0.8906 0.014499 0.988369 9.18071e-07 0.0148383
0.8942 0.0145127 0.988347 9.28079e-07 0.0149291
0.8978 0.0145264 0.988324 9.36585e-07 0.0151261
0.9014 0.01454 0.988301 9.43958e-07 0.0152353
0.905 0.0145536 0.988279 9.52091e-07 0.015328
0.9086 0.0145672 0.988256 9.57101e-07 0.0154726
0.9122 0.0145807 0.988234 9.6472e-07 0.0156042
0.9158 0.0145942 0.988211 9.70946e-07 0.0156958
0.9194 0.0146077 0.988189 9.8139e-07 0.0158417
0.923 0.0146212 0.988167 9.85089e-07 0.0159296
0.9266 0.0146346 0.988144 9.93361e-07 0.0161064
0.9302 0.014648 0.988122 9.98901e-07 0.0162696
0.9338 0.0146614 0.9881 1.00343e-06 0.0163724
0.9374 0.0146747 0.988078 1.01048e-06 0.0165601
0.941 0.0146881 0.988056 1.01446e-06 0.0167205
0.9446 0.0147014 0.988034 1.01835e-06 0.0166933
0.9482 0.0147147 0.988012 1.02501e-06 0.0169374
0.9518 0.0147279 0.98799 1.02622e-06 0.0169106
0.9554 0.0147411 0.987968 1.03378e-06 0.0170823
0.959 0.0147544 0.987946 1.03813e-06 0.0171463
0.9626 0.0147676 0.987924 1.0386e-06 0.0171949
0.9662 0.0147808 0.987903 1.04344e-06 0.0171919
0.9698 0.014794 0.987881 1.05001e-06 0.0174016
0.9734 0.0148071 0.987859 1.04811e-06 0.0172257
0.977 0.0148203 0.987838 1.05353e-06 0.0174117
0.9806 0.0148334 0.987816 1.05491e-06 0.0172719
0.9842 0.0148465 0.987795 1.05571e-06 0.0172445
0.9878 0.0148596 0.987773 1.05784e-06 0.0172344
0.9914 0.0148728 0.987752 1.06264e-06 0.017182
0.995 0.0148859 0.987731 1.06592e-06 0.0172168
0.9986 0.0148989 0.987709 1.06453e-06 0.0171761
1 0.014904 0.987701 8.49528e-08 0.00180031
